0.00000 
0.00000 
0.00000 
0.00000 
0.00000 
0.00000 
0.00000 
0.00000 
0.00000 
0.00000 
0.00000 
0.00000 
0.00000 
0.00000 
0.00000 
0.00000 
0.00000 
0.00000 
0.00000 
0.00000 
0.00000 
0.00000 
0.00000 
0.00000 
0.00001 
0.00002 
0.00007 
0.00015 
0.00033 
0.00060 
0.00099 
0.00139 
0.00175 
0.00197 
0.00209 
0.00226 
0.00256 
0.00288 
0.00313 
0.00330 
0.00355 
0.00388 
0.00416 
0.00437 
0.00467 
0.00501 
0.00529 
0.00556 
0.00593 
0.00626 
0.00656 
0.00695 
0.00733 
0.00766 
0.00809 
0.00850 
0.00889 
0.00936 
0.00982 
0.01026 
0.01079 
0.01129 
0.01182 
0.01241 
0.01298 
0.01361 
0.01426 
0.01493 
0.01568 
0.01641 
0.01723 
0.01808 
0.01898 
0.01997 
0.02097 
0.02210 
0.02327 
0.02456 
0.02595 
0.02745 
0.02911 
0.03090 
0.03291 
0.03511 
0.03759 
0.04037 
0.04355 
0.04717 
0.05139 
0.05635 
0.06227 
0.06948 
0.07845 
0.08994 
0.10520 
0.12642 
0.15796 
0.20895 
0.30212 
0.49978 
0.00000 
0.00000 
0.00000 
0.00000 
0.00000 
0.00000 
0.00000 
0.00000 
0.00000 
0.00000 
0.00000 
0.00000 
0.00000 
0.00000 
0.00000 
0.00000 
0.00000 
0.00000 
0.00000 
0.00000 
0.00000 
0.00000 
0.00000 
0.00001 
0.00002 
0.00005 
0.00013 
0.00031 
0.00064 
0.00121 
0.00194 
0.00280 
0.00348 
0.00393 
0.00419 
0.00452 
0.00510 
0.00577 
0.00624 
0.00658 
0.00709 
0.00777 
0.00830 
0.00873 
0.00933 
0.01003 
0.01056 
0.01111 
0.01186 
0.01253 
0.01311 
0.01389 
0.01464 
0.01532 
0.01616 
0.01700 
0.01776 
0.01870 
0.01961 
0.02051 
0.02157 
0.02257 
0.02362 
0.02480 
0.02592 
0.02719 
0.02849 
0.02982 
0.03131 
0.03278 
0.03442 
0.03612 
0.03790 
0.03986 
0.04187 
0.04412 
0.04646 
0.04902 
0.05178 
0.05476 
0.05806 
0.06161 
0.06560 
0.06996 
0.07488 
0.08036 
0.08662 
0.09376 
0.10204 
0.11173 
0.12326 
0.13719 
0.15439 
0.17611 
0.20443 
0.24256 
0.29639 
0.37581 
0.49954 
0.69732 
0.00000 
0.00000 
0.00000 
0.00000 
0.00000 
0.00000 
0.00000 
0.00000 
0.00000 
0.00000 
0.00000 
0.00000 
0.00000 
0.00000 
0.00000 
0.00000 
0.00000 
0.00000 
0.00000 
0.00000 
0.00000 
0.00000 
0.00000 
0.00001 
0.00002 
0.00007 
0.00020 
0.00045 
0.00097 
0.00177 
0.00293 
0.00414 
0.00524 
0.00588 
0.00626 
0.00678 
0.00765 
0.00862 
0.00936 
0.00987 
0.01062 
0.01162 
0.01246 
0.01309 
0.01397 
0.01501 
0.01583 
0.01666 
0.01776 
0.01875 
0.01965 
0.02081 
0.02195 
0.02295 
0.02421 
0.02546 
0.02662 
0.02802 
0.02939 
0.03071 
0.03230 
0.03379 
0.03538 
0.03714 
0.03882 
0.04072 
0.04266 
0.04464 
0.04687 
0.04906 
0.05151 
0.05405 
0.05671 
0.05964 
0.06264 
0.06597 
0.06946 
0.07326 
0.07737 
0.08180 
0.08669 
0.09196 
0.09786 
0.10429 
0.11155 
0.11962 
0.12880 
0.13923 
0.15128 
0.16529 
0.18184 
0.20164 
0.22579 
0.25572 
0.29377 
0.34312 
0.40908 
0.49864 
0.62252 
0.79017 
0.00000 
0.00000 
0.00000 
0.00000 
0.00000 
0.00000 
0.00000 
0.00000 
0.00000 
0.00000 
0.00000 
0.00000 
0.00000 
0.00000 
0.00000 
0.00000 
0.00000 
0.00000 
0.00000 
0.00000 
0.00000 
0.00000 
0.00000 
0.00001 
0.00003 
0.00010 
0.00025 
0.00061 
0.00126 
0.00238 
0.00383 
0.00555 
0.00693 
0.00784 
0.00836 
0.00900 
0.01016 
0.01151 
0.01244 
0.01313 
0.01414 
0.01548 
0.01656 
0.01742 
0.01860 
0.02000 
0.02106 
0.02217 
0.02364 
0.02499 
0.02615 
0.02769 
0.02920 
0.03055 
0.03222 
0.03390 
0.03541 
0.03728 
0.03910 
0.04088 
0.04298 
0.04497 
0.04706 
0.04941 
0.05162 
0.05415 
0.05673 
0.05937 
0.06232 
0.06523 
0.06846 
0.07182 
0.07534 
0.07922 
0.08318 
0.08759 
0.09219 
0.09721 
0.10263 
0.10844 
0.11487 
0.12178 
0.12950 
0.13790 
0.14735 
0.15782 
0.16969 
0.18311 
0.19852 
0.21632 
0.23716 
0.26178 
0.29136 
0.32727 
0.37172 
0.42721 
0.49789 
0.58758 
0.70145 
0.84093 
0.00000 
0.00000 
0.00000 
0.00000 
0.00000 
0.00000 
0.00000 
0.00000 
0.00000 
0.00000 
0.00000 
0.00000 
0.00000 
0.00000 
0.00000 
0.00000 
0.00000 
0.00000 
0.00000 
0.00000 
0.00000 
0.00000 
0.00000 
0.00001 
0.00004 
0.00012 
0.00031 
0.00073 
0.00158 
0.00289 
0.00481 
0.00683 
0.00867 
0.00976 
0.01040 
0.01125 
0.01267 
0.01430 
0.01555 
0.01639 
0.01762 
0.01928 
0.02069 
0.02173 
0.02319 
0.02492 
0.02630 
0.02765 
0.02949 
0.03114 
0.03262 
0.03454 
0.03645 
0.03809 
0.04017 
0.04226 
0.04417 
0.04649 
0.04877 
0.05095 
0.05358 
0.05604 
0.05866 
0.06158 
0.06435 
0.06747 
0.07069 
0.07394 
0.07762 
0.08122 
0.08523 
0.08940 
0.09376 
0.09856 
0.10346 
0.10890 
0.11457 
0.12076 
0.12742 
0.13457 
0.14246 
0.15091 
0.16034 
0.17056 
0.18203 
0.19469 
0.20898 
0.22504 
0.24336 
0.26434 
0.28866 
0.31701 
0.35055 
0.39039 
0.43848 
0.49641 
0.56723 
0.65264 
0.75465 
0.87217 
0.00000 
0.00000 
0.00000 
0.00000 
0.00000 
0.00000 
0.00000 
0.00000 
0.00000 
0.00000 
0.00000 
0.00000 
0.00000 
0.00000 
0.00000 
0.00000 
0.00000 
0.00000 
0.00000 
0.00000 
0.00000 
0.00000 
0.00000 
0.00001 
0.00005 
0.00014 
0.00036 
0.00088 
0.00183 
0.00348 
0.00564 
0.00821 
0.01029 
0.01169 
0.01248 
0.01342 
0.01513 
0.01715 
0.01857 
0.01961 
0.02109 
0.02310 
0.02473 
0.02601 
0.02776 
0.02986 
0.03146 
0.03309 
0.03528 
0.03731 
0.03904 
0.04132 
0.04360 
0.04560 
0.04807 
0.05059 
0.05284 
0.05561 
0.05832 
0.06097 
0.06408 
0.06705 
0.07014 
0.07364 
0.07691 
0.08065 
0.08448 
0.08837 
0.09273 
0.09703 
0.10177 
0.10674 
0.11189 
0.11759 
0.12339 
0.12983 
0.13654 
0.14383 
0.15169 
0.16008 
0.16934 
0.17922 
0.19023 
0.20213 
0.21542 
0.23003 
0.24643 
0.26475 
0.28551 
0.30905 
0.33607 
0.36714 
0.40332 
0.44540 
0.49511 
0.55318 
0.62168 
0.70123 
0.79226 
0.89313 
0.00000 
0.00000 
0.00000 
0.00000 
0.00000 
0.00000 
0.00000 
0.00000 
0.00000 
0.00000 
0.00000 
0.00000 
0.00000 
0.00000 
0.00000 
0.00000 
0.00000 
0.00000 
0.00000 
0.00000 
0.00000 
0.00000 
0.00000 
0.00002 
0.00005 
0.00015 
0.00042 
0.00098 
0.00212 
0.00393 
0.00657 
0.00939 
0.01201 
0.01358 
0.01448 
0.01564 
0.01758 
0.01988 
0.02165 
0.02283 
0.02450 
0.02682 
0.02881 
0.03026 
0.03226 
0.03469 
0.03663 
0.03849 
0.04103 
0.04336 
0.04542 
0.04806 
0.05073 
0.05301 
0.05588 
0.05880 
0.06146 
0.06465 
0.06783 
0.07084 
0.07447 
0.07789 
0.08150 
0.08554 
0.08937 
0.09366 
0.09811 
0.10257 
0.10763 
0.11258 
0.11806 
0.12379 
0.12973 
0.13628 
0.14294 
0.15033 
0.15801 
0.16634 
0.17532 
0.18488 
0.19541 
0.20661 
0.21906 
0.23246 
0.24738 
0.26368 
0.28190 
0.30210 
0.32483 
0.35036 
0.37936 
0.41226 
0.45004 
0.49309 
0.54293 
0.59983 
0.66493 
0.73842 
0.81999 
0.90811 
0.00000 
0.00000 
0.00000 
0.00000 
0.00000 
0.00000 
0.00000 
0.00000 
0.00000 
0.00000 
0.00000 
0.00000 
0.00000 
0.00000 
0.00000 
0.00000 
0.00000 
0.00000 
0.00000 
0.00000 
0.00000 
0.00000 
0.00000 
0.00002 
0.00006 
0.00017 
0.00045 
0.00111 
0.00233 
0.00447 
0.00730 
0.01072 
0.01354 
0.01548 
0.01654 
0.01775 
0.01998 
0.02267 
0.02461 
0.02600 
0.02792 
0.03056 
0.03277 
0.03448 
0.03675 
0.03953 
0.04169 
0.04383 
0.04672 
0.04943 
0.05171 
0.05470 
0.05774 
0.06039 
0.06362 
0.06697 
0.06993 
0.07357 
0.07718 
0.08064 
0.08473 
0.08865 
0.09269 
0.09729 
0.10160 
0.10649 
0.11151 
0.11658 
0.12228 
0.12789 
0.13405 
0.14051 
0.14718 
0.15456 
0.16204 
0.17033 
0.17894 
0.18825 
0.19827 
0.20891 
0.22060 
0.23300 
0.24674 
0.26146 
0.27779 
0.29554 
0.31527 
0.33701 
0.36127 
0.38828 
0.41865 
0.45264 
0.49123 
0.53443 
0.58341 
0.63837 
0.69976 
0.76756 
0.84116 
0.91933 
0.00000 
0.00000 
0.00000 
0.00000 
0.00000 
0.00000 
0.00000 
0.00000 
0.00000 
0.00000 
0.00000 
0.00000 
0.00000 
0.00000 
0.00000 
0.00000 
0.00000 
0.00000 
0.00000 
0.00000 
0.00000 
0.00000 
0.00000 
0.00002 
0.00006 
0.00018 
0.00050 
0.00119 
0.00259 
0.00484 
0.00818 
0.01179 
0.01520 
0.01729 
0.01850 
0.01993 
0.02234 
0.02530 
0.02764 
0.02915 
0.03123 
0.03419 
0.03679 
0.03864 
0.04114 
0.04426 
0.04678 
0.04912 
0.05233 
0.05535 
0.05797 
0.06129 
0.06472 
0.06763 
0.07125 
0.07499 
0.07836 
0.08238 
0.08645 
0.09026 
0.09485 
0.09921 
0.10375 
0.10886 
0.11370 
0.11908 
0.12471 
0.13030 
0.13666 
0.14287 
0.14972 
0.15688 
0.16426 
0.17242 
0.18067 
0.18979 
0.19927 
0.20948 
0.22047 
0.23209 
0.24484 
0.25831 
0.27320 
0.28907 
0.30661 
0.32559 
0.34655 
0.36948 
0.39490 
0.42294 
0.45419 
0.48868 
0.52739 
0.57023 
0.61785 
0.67050 
0.72819 
0.79087 
0.85779 
0.92803 
0.00000 
0.00000 
0.00000 
0.00000 
0.00000 
0.00000 
0.00000 
0.00000 
0.00000 
0.00000 
0.00000 
0.00000 
0.00000 
0.00000 
0.00000 
0.00000 
0.00000 
0.00000 
0.00000 
0.00000 
0.00000 
0.00000 
0.00001 
0.00002 
0.00006 
0.00020 
0.00053 
0.00130 
0.00276 
0.00532 
0.00880 
0.01304 
0.01661 
0.01916 
0.02051 
0.02197 
0.02468 
0.02801 
0.03049 
0.03226 
0.03457 
0.03781 
0.04063 
0.04278 
0.04553 
0.04897 
0.05171 
0.05434 
0.05788 
0.06128 
0.06409 
0.06776 
0.07156 
0.07484 
0.07878 
0.08295 
0.08660 
0.09106 
0.09554 
0.09979 
0.10480 
0.10965 
0.11458 
0.12023 
0.12552 
0.13147 
0.13764 
0.14380 
0.15074 
0.15757 
0.16501 
0.17286 
0.18089 
0.18980 
0.19878 
0.20869 
0.21898 
0.23002 
0.24189 
0.25439 
0.26810 
0.28251 
0.29839 
0.31526 
0.33382 
0.35379 
0.37573 
0.39957 
0.42583 
0.45449 
0.48626 
0.52091 
0.55922 
0.60129 
0.64728 
0.69753 
0.75172 
0.80987 
0.87117 
0.93496 
0.00000 
0.00000 
0.00000 
0.00000 
0.00000 
0.00000 
0.00000 
0.00000 
0.00000 
0.00000 
0.00000 
0.00000 
0.00000 
0.00000 
0.00000 
0.00000 
0.00000 
0.00000 
0.00000 
0.00000 
0.00000 
0.00000 
0.00001 
0.00002 
0.00007 
0.00020 
0.00056 
0.00136 
0.00297 
0.00562 
0.00958 
0.01397 
0.01821 
0.02087 
0.02243 
0.02411 
0.02693 
0.03053 
0.03346 
0.03532 
0.03778 
0.04135 
0.04455 
0.04682 
0.04979 
0.05357 
0.05669 
0.05948 
0.06332 
0.06703 
0.07021 
0.07416 
0.07835 
0.08187 
0.08619 
0.09074 
0.09481 
0.09960 
0.10453 
0.10909 
0.11458 
0.11986 
0.12527 
0.13139 
0.13718 
0.14357 
0.15031 
0.15694 
0.16450 
0.17189 
0.17995 
0.18844 
0.19710 
0.20669 
0.21634 
0.22697 
0.23800 
0.24980 
0.26248 
0.27578 
0.29033 
0.30558 
0.32232 
0.34003 
0.35943 
0.38019 
0.40289 
0.42739 
0.45422 
0.48319 
0.51507 
0.54966 
0.58731 
0.62835 
0.67260 
0.72046 
0.77143 
0.82559 
0.88214 
0.94061 
0.00000 
0.00000 
0.00000 
0.00000 
0.00000 
0.00000 
0.00000 
0.00000 
0.00000 
0.00000 
0.00000 
0.00000 
0.00000 
0.00000 
0.00000 
0.00000 
0.00000 
0.00000 
0.00000 
0.00000 
0.00000 
0.00000 
0.00001 
0.00002 
0.00007 
0.00021 
0.00058 
0.00144 
0.00310 
0.00603 
0.01009 
0.01512 
0.01947 
0.02268 
0.02436 
0.02607 
0.02919 
0.03312 
0.03620 
0.03838 
0.04102 
0.04481 
0.04827 
0.05088 
0.05405 
0.05812 
0.06146 
0.06458 
0.06871 
0.07279 
0.07614 
0.08043 
0.08498 
0.08889 
0.09347 
0.09844 
0.10277 
0.10799 
0.11332 
0.11832 
0.12417 
0.12992 
0.13567 
0.14231 
0.14854 
0.15545 
0.16269 
0.16985 
0.17791 
0.18587 
0.19445 
0.20356 
0.21280 
0.22305 
0.23334 
0.24464 
0.25636 
0.26884 
0.28225 
0.29624 
0.31154 
0.32749 
0.34497 
0.36337 
0.38345 
0.40484 
0.42810 
0.45302 
0.48023 
0.50937 
0.54103 
0.57532 
0.61213 
0.65201 
0.69450 
0.74009 
0.78814 
0.83879 
0.89128 
0.94530 
0.00000 
0.00000 
0.00000 
0.00000 
0.00000 
0.00000 
0.00000 
0.00000 
0.00000 
0.00000 
0.00000 
0.00000 
0.00000 
0.00000 
0.00000 
0.00000 
0.00000 
0.00000 
0.00000 
0.00000 
0.00000 
0.00000 
0.00001 
0.00002 
0.00007 
0.00022 
0.00061 
0.00148 
0.00327 
0.00626 
0.01077 
0.01589 
0.02098 
0.02425 
0.02625 
0.02815 
0.03131 
0.03553 
0.03908 
0.04132 
0.04413 
0.04824 
0.05206 
0.05477 
0.05818 
0.06258 
0.06630 
0.06953 
0.07395 
0.07837 
0.08209 
0.08661 
0.09152 
0.09567 
0.10063 
0.10597 
0.11071 
0.11620 
0.12196 
0.12726 
0.13357 
0.13973 
0.14594 
0.15298 
0.15969 
0.16699 
0.17477 
0.18236 
0.19099 
0.19944 
0.20859 
0.21825 
0.22804 
0.23887 
0.24975 
0.26164 
0.27400 
0.28709 
0.30115 
0.31577 
0.33172 
0.34829 
0.36638 
0.38536 
0.40597 
0.42782 
0.45149 
0.47664 
0.50394 
0.53317 
0.56445 
0.59826 
0.63415 
0.67280 
0.71358 
0.75703 
0.80244 
0.85001 
0.89901 
0.94924 
0.00000 
0.00000 
0.00000 
0.00000 
0.00000 
0.00000 
0.00000 
0.00000 
0.00000 
0.00000 
0.00000 
0.00000 
0.00000 
0.00000 
0.00000 
0.00000 
0.00000 
0.00000 
0.00000 
0.00000 
0.00000 
0.00000 
0.00001 
0.00002 
0.00007 
0.00023 
0.00062 
0.00154 
0.00335 
0.00658 
0.01115 
0.01691 
0.02205 
0.02601 
0.02808 
0.03004 
0.03350 
0.03796 
0.04168 
0.04432 
0.04726 
0.05153 
0.05563 
0.05874 
0.06227 
0.06692 
0.07091 
0.07450 
0.07914 
0.08390 
0.08781 
0.09266 
0.09792 
0.10246 
0.10763 
0.11335 
0.11837 
0.12427 
0.13041 
0.13612 
0.14274 
0.14936 
0.15587 
0.16341 
0.17053 
0.17830 
0.18653 
0.19460 
0.20365 
0.21265 
0.22223 
0.23247 
0.24275 
0.25414 
0.26557 
0.27802 
0.29094 
0.30457 
0.31921 
0.33436 
0.35087 
0.36795 
0.38655 
0.40598 
0.42702 
0.44917 
0.47316 
0.49847 
0.52564 
0.55478 
0.58560 
0.61881 
0.65373 
0.69115 
0.73030 
0.77175 
0.81479 
0.85963 
0.90561 
0.95260 
0.00000 
0.00000 
0.00000 
0.00000 
0.00000 
0.00000 
0.00000 
0.00000 
0.00000 
0.00000 
0.00000 
0.00000 
0.00000 
0.00000 
0.00000 
0.00000 
0.00000 
0.00000 
0.00000 
0.00000 
0.00000 
0.00000 
0.00001 
0.00002 
0.00007 
0.00023 
0.00063 
0.00156 
0.00348 
0.00674 
0.01171 
0.01752 
0.02343 
0.02740 
0.02993 
0.03204 
0.03548 
0.04026 
0.04443 
0.04711 
0.05026 
0.05483 
0.05925 
0.06246 
0.06628 
0.07122 
0.07556 
0.07925 
0.08418 
0.08928 
0.09357 
0.09858 
0.10419 
0.10898 
0.11452 
0.12059 
0.12599 
0.13211 
0.13867 
0.14468 
0.15173 
0.15873 
0.16567 
0.17355 
0.18113 
0.18923 
0.19796 
0.20643 
0.21599 
0.22543 
0.23550 
0.24620 
0.25697 
0.26884 
0.28077 
0.29370 
0.30716 
0.32127 
0.33643 
0.35205 
0.36904 
0.38655 
0.40556 
0.42534 
0.44670 
0.46903 
0.49310 
0.51858 
0.54551 
0.57444 
0.60474 
0.63727 
0.67122 
0.70740 
0.74502 
0.78463 
0.82554 
0.86797 
0.91132 
0.95549 
0.00000 
0.00000 
0.00000 
0.00000 
0.00000 
0.00000 
0.00000 
0.00000 
0.00000 
0.00000 
0.00000 
0.00000 
0.00000 
0.00000 
0.00000 
0.00000 
0.00000 
0.00000 
0.00000 
0.00000 
0.00000 
0.00000 
0.00001 
0.00002 
0.00007 
0.00023 
0.00064 
0.00160 
0.00353 
0.00698 
0.01199 
0.01839 
0.02431 
0.02906 
0.03160 
0.03389 
0.03760 
0.04249 
0.04688 
0.05004 
0.05325 
0.05794 
0.06268 
0.06631 
0.07019 
0.07534 
0.07999 
0.08407 
0.08915 
0.09454 
0.09905 
0.10441 
0.11033 
0.11549 
0.12119 
0.12763 
0.13334 
0.13985 
0.14674 
0.15315 
0.16044 
0.16788 
0.17511 
0.18345 
0.19141 
0.19995 
0.20905 
0.21797 
0.22787 
0.23781 
0.24825 
0.25947 
0.27065 
0.28301 
0.29539 
0.30876 
0.32268 
0.33721 
0.35281 
0.36882 
0.38621 
0.40407 
0.42342 
0.44344 
0.46507 
0.48757 
0.51155 
0.53706 
0.56372 
0.59234 
0.62208 
0.65388 
0.68689 
0.72186 
0.75807 
0.79597 
0.83498 
0.87524 
0.91628 
0.95800 
0.00000 
0.00000 
0.00000 
0.00000 
0.00000 
0.00000 
0.00000 
0.00000 
0.00000 
0.00000 
0.00000 
0.00000 
0.00000 
0.00000 
0.00000 
0.00000 
0.00000 
0.00000 
0.00000 
0.00000 
0.00000 
0.00000 
0.00001 
0.00002 
0.00008 
0.00023 
0.00065 
0.00162 
0.00361 
0.00708 
0.01242 
0.01883 
0.02553 
0.03024 
0.03341 
0.03578 
0.03946 
0.04471 
0.04945 
0.05265 
0.05618 
0.06110 
0.06608 
0.06985 
0.07407 
0.07946 
0.08440 
0.08860 
0.09400 
0.09971 
0.10458 
0.11004 
0.11629 
0.12174 
0.12782 
0.13453 
0.14061 
0.14729 
0.15459 
0.16130 
0.16900 
0.17678 
0.18441 
0.19301 
0.20141 
0.21024 
0.21982 
0.22909 
0.23945 
0.24976 
0.26063 
0.27222 
0.28384 
0.29656 
0.30939 
0.32314 
0.33749 
0.35239 
0.36839 
0.38475 
0.40247 
0.42061 
0.44022 
0.46039 
0.48210 
0.50481 
0.52863 
0.55407 
0.58042 
0.60865 
0.63783 
0.66887 
0.70098 
0.73478 
0.76969 
0.80601 
0.84331 
0.88164 
0.92064 
0.96020 
0.00000 
0.00000 
0.00000 
0.00000 
0.00000 
0.00000 
0.00000 
0.00000 
0.00000 
0.00000 
0.00000 
0.00000 
0.00000 
0.00000 
0.00000 
0.00000 
0.00000 
0.00000 
0.00000 
0.00000 
0.00000 
0.00000 
0.00001 
0.00002 
0.00008 
0.00023 
0.00065 
0.00164 
0.00364 
0.00725 
0.01260 
0.01953 
0.02619 
0.03177 
0.03488 
0.03759 
0.04149 
0.04673 
0.05176 
0.05548 
0.05899 
0.06404 
0.06936 
0.07354 
0.07777 
0.08338 
0.08865 
0.09324 
0.09871 
0.10469 
0.10982 
0.11566 
0.12214 
0.12793 
0.13415 
0.14122 
0.14761 
0.15468 
0.16224 
0.16932 
0.17722 
0.18541 
0.19335 
0.20237 
0.21111 
0.22032 
0.23020 
0.23988 
0.25053 
0.26131 
0.27248 
0.28453 
0.29649 
0.30962 
0.32281 
0.33690 
0.35161 
0.36683 
0.38315 
0.39979 
0.41779 
0.43614 
0.45600 
0.47635 
0.49797 
0.52079 
0.54444 
0.56973 
0.59576 
0.62353 
0.65217 
0.68243 
0.71368 
0.74637 
0.78007 
0.81494 
0.85070 
0.88729 
0.92450 
0.96214 
0.00000 
0.00000 
0.00000 
0.00000 
0.00000 
0.00000 
0.00000 
0.00000 
0.00000 
0.00000 
0.00000 
0.00000 
0.00000 
0.00000 
0.00000 
0.00000 
0.00000 
0.00000 
0.00000 
0.00000 
0.00000 
0.00000 
0.00001 
0.00002 
0.00008 
0.00023 
0.00066 
0.00164 
0.00369 
0.00731 
0.01291 
0.01983 
0.02721 
0.03270 
0.03661 
0.03931 
0.04327 
0.04885 
0.05409 
0.05791 
0.06186 
0.06704 
0.07250 
0.07690 
0.08155 
0.08728 
0.09278 
0.09755 
0.10338 
0.10960 
0.11506 
0.12098 
0.12779 
0.13390 
0.14048 
0.14774 
0.15448 
0.16172 
0.16967 
0.17707 
0.18534 
0.19380 
0.20210 
0.21133 
0.22050 
0.22998 
0.24028 
0.25029 
0.26132 
0.27240 
0.28395 
0.29628 
0.30864 
0.32204 
0.33563 
0.35002 
0.36508 
0.38057 
0.39718 
0.41405 
0.43228 
0.45075 
0.47068 
0.49127 
0.51278 
0.53561 
0.55910 
0.58414 
0.60987 
0.63713 
0.66524 
0.69472 
0.72517 
0.75680 
0.78939 
0.82293 
0.85729 
0.89233 
0.92792 
0.96386 
0.00000 
0.00000 
0.00000 
0.00000 
0.00000 
0.00000 
0.00000 
0.00000 
0.00000 
0.00000 
0.00000 
0.00000 
0.00000 
0.00000 
0.00000 
0.00000 
0.00000 
0.00000 
0.00000 
0.00000 
0.00000 
0.00000 
0.00001 
0.00002 
0.00008 
0.00024 
0.00066 
0.00166 
0.00371 
0.00741 
0.01301 
0.02035 
0.02768 
0.03405 
0.03783 
0.04110 
0.04517 
0.05068 
0.05628 
0.06056 
0.06446 
0.06986 
0.07563 
0.08035 
0.08502 
0.09103 
0.09683 
0.10195 
0.10780 
0.11430 
0.12007 
0.12637 
0.13330 
0.13973 
0.14647 
0.15409 
0.16114 
0.16873 
0.17685 
0.18461 
0.19306 
0.20193 
0.21053 
0.22013 
0.22956 
0.23940 
0.24993 
0.26034 
0.27160 
0.28311 
0.29493 
0.30764 
0.32027 
0.33401 
0.34786 
0.36253 
0.37784 
0.39359 
0.41043 
0.42749 
0.44594 
0.46461 
0.48445 
0.50519 
0.52661 
0.54936 
0.57269 
0.59742 
0.62285 
0.64958 
0.67718 
0.70590 
0.73559 
0.76622 
0.79778 
0.83011 
0.86320 
0.89683 
0.93097 
0.96540 
0.00000 
0.00000 
0.00000 
0.00000 
0.00000 
0.00000 
0.00000 
0.00000 
0.00000 
0.00000 
0.00000 
0.00000 
0.00000 
0.00000 
0.00000 
0.00000 
0.00000 
0.00000 
0.00000 
0.00000 
0.00000 
0.00000 
0.00001 
0.00002 
0.00008 
0.00024 
0.00066 
0.00166 
0.00373 
0.00744 
0.01321 
0.02052 
0.02847 
0.03473 
0.03944 
0.04259 
0.04691 
0.05271 
0.05833 
0.06282 
0.06726 
0.07265 
0.07852 
0.08355 
0.08866 
0.09467 
0.10067 
0.10606 
0.11231 
0.11892 
0.12497 
0.13140 
0.13868 
0.14540 
0.15248 
0.16020 
0.16758 
0.17538 
0.18387 
0.19192 
0.20071 
0.20975 
0.21871 
0.22849 
0.23834 
0.24843 
0.25933 
0.27001 
0.28160 
0.29334 
0.30550 
0.31841 
0.33143 
0.34536 
0.35957 
0.37444 
0.39004 
0.40596 
0.42302 
0.44018 
0.45870 
0.47763 
0.49738 
0.51818 
0.53952 
0.56211 
0.58530 
0.60967 
0.63482 
0.66100 
0.68810 
0.71610 
0.74505 
0.77477 
0.80537 
0.83659 
0.86851 
0.90088 
0.93371 
0.96678 
0.00000 
0.00000 
0.00000 
0.00000 
0.00000 
0.00000 
0.00000 
0.00000 
0.00000 
0.00000 
0.00000 
0.00000 
0.00000 
0.00000 
0.00000 
0.00000 
0.00000 
0.00000 
0.00000 
0.00000 
0.00000 
0.00000 
0.00001 
0.00002 
0.00008 
0.00024 
0.00066 
0.00166 
0.00374 
0.00750 
0.01326 
0.02087 
0.02876 
0.03585 
0.04037 
0.04434 
0.04863 
0.05440 
0.06042 
0.06520 
0.06963 
0.07541 
0.08148 
0.08669 
0.09191 
0.09830 
0.10450 
0.11015 
0.11645 
0.12339 
0.12973 
0.13650 
0.14382 
0.15084 
0.15815 
0.16623 
0.17385 
0.18197 
0.19056 
0.19897 
0.20797 
0.21739 
0.22662 
0.23672 
0.24675 
0.25719 
0.26825 
0.27932 
0.29112 
0.30323 
0.31562 
0.32884 
0.34206 
0.35626 
0.37065 
0.38577 
0.40154 
0.41766 
0.43491 
0.45229 
0.47070 
0.48982 
0.50953 
0.53029 
0.55159 
0.57394 
0.59700 
0.62098 
0.64584 
0.67149 
0.69810 
0.72542 
0.75367 
0.78255 
0.81223 
0.84245 
0.87330 
0.90454 
0.93617 
0.96802 
0.00000 
0.00000 
0.00000 
0.00000 
0.00000 
0.00000 
0.00000 
0.00000 
0.00000 
0.00000 
0.00000 
0.00000 
0.00000 
0.00000 
0.00000 
0.00000 
0.00000 
0.00000 
0.00000 
0.00000 
0.00000 
0.00000 
0.00001 
0.00002 
0.00008 
0.00024 
0.00066 
0.00167 
0.00375 
0.00751 
0.01338 
0.02097 
0.02933 
0.03629 
0.04179 
0.04553 
0.05038 
0.05630 
0.06220 
0.06733 
0.07228 
0.07795 
0.08418 
0.08974 
0.09533 
0.10166 
0.10809 
0.11407 
0.12074 
0.12768 
0.13427 
0.14127 
0.14896 
0.15616 
0.16378 
0.17192 
0.17988 
0.18825 
0.19719 
0.20580 
0.21512 
0.22464 
0.23423 
0.24453 
0.25493 
0.26560 
0.27698 
0.28824 
0.30033 
0.31260 
0.32532 
0.33870 
0.35226 
0.36661 
0.38130 
0.39654 
0.41255 
0.42872 
0.44605 
0.46369 
0.48205 
0.50123 
0.52096 
0.54158 
0.56286 
0.58494 
0.60786 
0.63145 
0.65601 
0.68116 
0.70727 
0.73397 
0.76152 
0.78964 
0.81846 
0.84779 
0.87763 
0.90786 
0.93840 
0.96915 
0.00000 
0.00000 
0.00000 
0.00000 
0.00000 
0.00000 
0.00000 
0.00000 
0.00000 
0.00000 
0.00000 
0.00000 
0.00000 
0.00000 
0.00000 
0.00000 
0.00000 
0.00000 
0.00000 
0.00000 
0.00000 
0.00000 
0.00001 
0.00002 
0.00008 
0.00024 
0.00066 
0.00167 
0.00375 
0.00754 
0.01340 
0.02118 
0.02949 
0.03713 
0.04242 
0.04718 
0.05182 
0.05794 
0.06420 
0.06937 
0.07446 
0.08067 
0.08691 
0.09255 
0.09840 
0.10517 
0.11163 
0.11780 
0.12465 
0.13196 
0.13874 
0.14602 
0.15373 
0.16126 
0.16915 
0.17763 
0.18571 
0.19438 
0.20342 
0.21239 
0.22194 
0.23179 
0.24157 
0.25216 
0.26268 
0.27370 
0.28522 
0.29685 
0.30913 
0.32170 
0.33459 
0.34821 
0.36191 
0.37650 
0.39131 
0.40677 
0.42292 
0.43936 
0.45655 
0.47441 
0.49276 
0.51192 
0.53168 
0.55211 
0.57338 
0.59517 
0.61793 
0.64117 
0.66538 
0.69010 
0.71568 
0.74183 
0.76870 
0.79614 
0.82414 
0.85265 
0.88157 
0.91087 
0.94041 
0.97017 
0.00000 
0.00000 
0.00000 
0.00000 
0.00000 
0.00000 
0.00000 
0.00000 
0.00000 
0.00000 
0.00000 
0.00000 
0.00000 
0.00000 
0.00000 
0.00000 
0.00000 
0.00000 
0.00000 
0.00000 
0.00000 
0.00000 
0.00001 
0.00002 
0.00008 
0.00024 
0.00066 
0.00167 
0.00376 
0.00754 
0.01345 
0.02122 
0.02984 
0.03738 
0.04357 
0.04804 
0.05356 
0.05962 
0.06580 
0.07141 
0.07682 
0.08294 
0.08953 
0.09543 
0.10148 
0.10827 
0.11507 
0.12149 
0.12863 
0.13591 
0.14297 
0.15054 
0.15860 
0.16618 
0.17434 
0.18294 
0.19138 
0.20029 
0.20963 
0.21869 
0.22855 
0.23851 
0.24865 
0.25944 
0.27027 
0.28147 
0.29326 
0.30500 
0.31758 
0.33026 
0.34348 
0.35723 
0.37122 
0.38591 
0.40096 
0.41643 
0.43268 
0.44936 
0.46655 
0.48444 
0.50290 
0.52191 
0.54176 
0.56196 
0.58319 
0.60471 
0.62727 
0.65020 
0.67402 
0.69836 
0.72341 
0.74907 
0.77527 
0.80210 
0.82932 
0.85710 
0.88515 
0.91362 
0.94225 
0.97110 
0.00000 
0.00000 
0.00000 
0.00000 
0.00000 
0.00000 
0.00000 
0.00000 
0.00000 
0.00000 
0.00000 
0.00000 
0.00000 
0.00000 
0.00000 
0.00000 
0.00000 
0.00000 
0.00000 
0.00000 
0.00000 
0.00000 
0.00001 
0.00002 
0.00008 
0.00024 
0.00066 
0.00167 
0.00376 
0.00755 
0.01346 
0.02132 
0.02991 
0.03794 
0.04395 
0.04947 
0.05466 
0.06130 
0.06764 
0.07310 
0.07886 
0.08553 
0.09196 
0.09799 
0.10441 
0.11158 
0.11828 
0.12490 
0.13234 
0.14000 
0.14707 
0.15488 
0.16307 
0.17100 
0.17939 
0.18827 
0.19672 
0.20595 
0.21544 
0.22486 
0.23492 
0.24515 
0.25538 
0.26647 
0.27740 
0.28895 
0.30089 
0.31294 
0.32566 
0.33857 
0.35190 
0.36586 
0.37995 
0.39485 
0.41003 
0.42580 
0.44187 
0.45881 
0.47600 
0.49390 
0.51243 
0.53130 
0.55118 
0.57119 
0.59232 
0.61363 
0.63591 
0.65859 
0.68200 
0.70601 
0.73052 
0.75573 
0.78130 
0.80756 
0.83407 
0.86116 
0.88843 
0.91612 
0.94392 
0.97194 
0.00000 
0.00000 
0.00000 
0.00000 
0.00000 
0.00000 
0.00000 
0.00000 
0.00000 
0.00000 
0.00000 
0.00000 
0.00000 
0.00000 
0.00000 
0.00000 
0.00000 
0.00000 
0.00000 
0.00000 
0.00000 
0.00000 
0.00001 
0.00002 
0.00008 
0.00024 
0.00066 
0.00167 
0.00376 
0.00755 
0.01348 
0.02133 
0.03010 
0.03806 
0.04477 
0.05001 
0.05630 
0.06265 
0.06920 
0.07504 
0.08082 
0.08758 
0.09457 
0.10061 
0.10709 
0.11448 
0.12163 
0.12830 
0.13591 
0.14367 
0.15110 
0.15913 
0.16759 
0.17549 
0.18418 
0.19327 
0.20206 
0.21143 
0.22118 
0.23062 
0.24102 
0.25140 
0.26197 
0.27322 
0.28440 
0.29604 
0.30824 
0.32037 
0.33341 
0.34642 
0.36005 
0.37408 
0.38841 
0.40331 
0.41858 
0.43458 
0.45070 
0.46763 
0.48501 
0.50272 
0.52144 
0.54010 
0.56001 
0.57985 
0.60081 
0.62197 
0.64393 
0.66641 
0.68938 
0.71309 
0.73709 
0.76188 
0.78686 
0.81257 
0.83843 
0.86488 
0.89144 
0.91841 
0.94546 
0.97272 
0.00000 
0.00000 
0.00000 
0.00000 
0.00000 
0.00000 
0.00000 
0.00000 
0.00000 
0.00000 
0.00000 
0.00000 
0.00000 
0.00000 
0.00000 
0.00000 
0.00000 
0.00000 
0.00000 
0.00000 
0.00000 
0.00000 
0.00001 
0.00002 
0.00008 
0.00024 
0.00066 
0.00167 
0.00376 
0.00755 
0.01348 
0.02137 
0.03012 
0.03837 
0.04496 
0.05113 
0.05703 
0.06436 
0.07077 
0.07652 
0.08279 
0.08986 
0.09669 
0.10308 
0.10985 
0.11744 
0.12452 
0.13153 
0.13942 
0.14746 
0.15481 
0.16310 
0.17182 
0.18005 
0.18881 
0.19815 
0.20697 
0.21668 
0.22664 
0.23637 
0.24687 
0.25750 
0.26810 
0.27969 
0.29098 
0.30295 
0.31527 
0.32762 
0.34075 
0.35395 
0.36765 
0.38190 
0.39635 
0.41155 
0.42664 
0.44291 
0.45904 
0.47598 
0.49347 
0.51110 
0.52984 
0.54843 
0.56821 
0.58800 
0.60870 
0.62977 
0.65138 
0.67367 
0.69624 
0.71963 
0.74317 
0.76752 
0.79200 
0.81716 
0.84246 
0.86827 
0.89421 
0.92049 
0.94687 
0.97342 
0.00000 
0.00000 
0.00000 
0.00000 
0.00000 
0.00000 
0.00000 
0.00000 
0.00000 
0.00000 
0.00000 
0.00000 
0.00000 
0.00000 
0.00000 
0.00000 
0.00000 
0.00000 
0.00000 
0.00000 
0.00000 
0.00000 
0.00001 
0.00002 
0.00008 
0.00024 
0.00066 
0.00167 
0.00376 
0.00755 
0.01349 
0.02138 
0.03020 
0.03841 
0.04545 
0.05140 
0.05843 
0.06530 
0.07241 
0.07828 
0.08434 
0.09180 
0.09918 
0.10536 
0.11224 
0.12021 
0.12768 
0.13454 
0.14262 
0.15093 
0.15866 
0.16696 
0.17589 
0.18418 
0.19329 
0.20285 
0.21193 
0.22165 
0.23188 
0.24169 
0.25253 
0.26333 
0.27419 
0.28586 
0.29737 
0.30938 
0.32200 
0.33443 
0.34786 
0.36113 
0.37507 
0.38930 
0.40383 
0.41928 
0.43442 
0.45066 
0.46705 
0.48378 
0.50151 
0.51895 
0.53775 
0.55625 
0.57589 
0.59564 
0.61606 
0.63704 
0.65830 
0.68041 
0.70259 
0.72568 
0.74879 
0.77273 
0.79673 
0.82139 
0.84614 
0.87140 
0.89674 
0.92241 
0.94816 
0.97407 
0.00000 
0.00000 
0.00000 
0.00000 
0.00000 
0.00000 
0.00000 
0.00000 
0.00000 
0.00000 
0.00000 
0.00000 
0.00000 
0.00000 
0.00000 
0.00000 
0.00000 
0.00000 
0.00000 
0.00000 
0.00000 
0.00000 
0.00001 
0.00002 
0.00008 
0.00024 
0.00066 
0.00167 
0.00376 
0.00755 
0.01349 
0.02139 
0.03021 
0.03855 
0.04552 
0.05213 
0.05882 
0.06691 
0.07358 
0.07976 
0.08621 
0.09360 
0.10108 
0.10784 
0.11471 
0.12271 
0.13038 
0.13769 
0.14582 
0.15429 
0.16204 
0.17071 
0.17987 
0.18841 
0.19744 
0.20728 
0.21652 
0.22656 
0.23695 
0.24697 
0.25781 
0.26890 
0.27983 
0.29184 
0.30347 
0.31570 
0.32839 
0.34099 
0.35448 
0.36795 
0.38200 
0.39656 
0.41088 
0.42660 
0.44180 
0.45802 
0.47456 
0.49122 
0.50897 
0.52644 
0.54508 
0.56365 
0.58303 
0.60277 
0.62293 
0.64376 
0.66480 
0.68659 
0.70855 
0.73119 
0.75407 
0.77745 
0.80116 
0.82521 
0.84959 
0.87421 
0.89910 
0.92414 
0.94936 
0.97465 
0.00000 
0.00000 
0.00000 
0.00000 
0.00000 
0.00000 
0.00000 
0.00000 
0.00000 
0.00000 
0.00000 
0.00000 
0.00000 
0.00000 
0.00000 
0.00000 
0.00000 
0.00000 
0.00000 
0.00000 
0.00000 
0.00000 
0.00001 
0.00002 
0.00008 
0.00024 
0.00066 
0.00167 
0.00376 
0.00755 
0.01349 
0.02139 
0.03023 
0.03856 
0.04576 
0.05224 
0.05982 
0.06744 
0.07527 
0.08116 
0.08757 
0.09548 
0.10320 
0.10978 
0.11704 
0.12531 
0.13314 
0.14036 
0.14883 
0.15758 
0.16559 
0.17413 
0.18355 
0.19231 
0.20167 
0.21158 
0.22102 
0.23104 
0.24175 
0.25194 
0.26307 
0.27424 
0.28536 
0.29738 
0.30929 
0.32158 
0.33459 
0.34725 
0.36097 
0.37441 
0.38853 
0.40334 
0.41775 
0.43338 
0.44890 
0.46490 
0.48167 
0.49825 
0.51598 
0.53350 
0.55193 
0.57059 
0.58968 
0.60945 
0.62930 
0.65005 
0.67076 
0.69237 
0.71397 
0.73636 
0.75881 
0.78190 
0.80511 
0.82881 
0.85266 
0.87686 
0.90119 
0.92577 
0.95042 
0.97520 
0.00000 
0.00000 
0.00000 
0.00000 
0.00000 
0.00000 
0.00000 
0.00000 
0.00000 
0.00000 
0.00000 
0.00000 
0.00000 
0.00000 
0.00000 
0.00000 
0.00000 
0.00000 
0.00000 
0.00000 
0.00000 
0.00000 
0.00001 
0.00002 
0.00008 
0.00024 
0.00066 
0.00167 
0.00376 
0.00755 
0.01349 
0.02139 
0.03023 
0.03861 
0.04577 
0.05261 
0.05998 
0.06872 
0.07598 
0.08279 
0.08917 
0.09685 
0.10503 
0.11212 
0.11910 
0.12752 
0.13575 
0.14331 
0.15159 
0.16053 
0.16881 
0.17771 
0.18712 
0.19607 
0.20544 
0.21569 
0.22534 
0.23560 
0.24630 
0.25671 
0.26786 
0.27938 
0.29062 
0.30288 
0.31484 
0.32728 
0.34032 
0.35318 
0.36700 
0.38080 
0.39469 
0.40975 
0.42426 
0.43984 
0.45554 
0.47149 
0.48829 
0.50491 
0.52252 
0.54009 
0.55840 
0.57694 
0.59602 
0.61546 
0.63540 
0.65565 
0.67647 
0.69748 
0.71916 
0.74091 
0.76334 
0.78580 
0.80888 
0.83197 
0.85557 
0.87919 
0.90318 
0.92719 
0.95143 
0.97568 
0.00000 
0.00000 
0.00000 
0.00000 
0.00000 
0.00000 
0.00000 
0.00000 
0.00000 
0.00000 
0.00000 
0.00000 
0.00000 
0.00000 
0.00000 
0.00000 
0.00000 
0.00000 
0.00000 
0.00000 
0.00000 
0.00000 
0.00001 
0.00002 
0.00008 
0.00024 
0.00066 
0.00167 
0.00376 
0.00755 
0.01349 
0.02139 
0.03023 
0.03861 
0.04585 
0.05264 
0.06055 
0.06895 
0.07749 
0.08369 
0.09063 
0.09860 
0.10659 
0.11388 
0.12147 
0.12977 
0.13801 
0.14581 
0.15454 
0.16347 
0.17188 
0.18080 
0.19058 
0.19974 
0.20932 
0.21947 
0.22939 
0.23975 
0.25079 
0.26132 
0.27264 
0.28414 
0.29562 
0.30791 
0.32020 
0.33271 
0.34599 
0.35880 
0.37267 
0.38672 
0.40073 
0.41567 
0.43052 
0.44592 
0.46176 
0.47777 
0.49438 
0.51128 
0.52850 
0.54636 
0.56425 
0.58301 
0.60168 
0.62123 
0.64076 
0.66105 
0.68144 
0.70244 
0.72363 
0.74533 
0.76724 
0.78959 
0.81211 
0.83502 
0.85807 
0.88143 
0.90489 
0.92856 
0.95229 
0.97614 
0.00000 
0.00000 
0.00000 
0.00000 
0.00000 
0.00000 
0.00000 
0.00000 
0.00000 
0.00000 
0.00000 
0.00000 
0.00000 
0.00000 
0.00000 
0.00000 
0.00000 
0.00000 
0.00000 
0.00000 
0.00000 
0.00000 
0.00001 
0.00002 
0.00008 
0.00024 
0.00066 
0.00167 
0.00376 
0.00755 
0.01349 
0.02139 
0.03023 
0.03861 
0.04585 
0.05278 
0.06059 
0.06975 
0.07780 
0.08535 
0.09175 
0.09987 
0.10839 
0.11573 
0.12318 
0.13199 
0.14042 
0.14830 
0.15695 
0.16626 
0.17492 
0.18404 
0.19366 
0.20309 
0.21288 
0.22335 
0.23330 
0.24383 
0.25481 
0.26567 
0.27711 
0.28889 
0.30042 
0.31284 
0.32513 
0.33783 
0.35121 
0.36440 
0.37804 
0.39229 
0.40647 
0.42127 
0.43637 
0.45166 
0.46759 
0.48356 
0.50020 
0.51693 
0.53435 
0.55178 
0.57005 
0.58815 
0.60730 
0.62612 
0.64605 
0.66566 
0.68628 
0.70672 
0.72795 
0.74918 
0.77096 
0.79290 
0.81518 
0.83771 
0.86043 
0.88341 
0.90649 
0.92978 
0.95310 
0.97655 
0.00000 
0.00000 
0.00000 
0.00000 
0.00000 
0.00000 
0.00000 
0.00000 
0.00000 
0.00000 
0.00000 
0.00000 
0.00000 
0.00000 
0.00000 
0.00000 
0.00000 
0.00000 
0.00000 
0.00000 
0.00000 
0.00000 
0.00001 
0.00002 
0.00008 
0.00024 
0.00066 
0.00167 
0.00376 
0.00755 
0.01349 
0.02139 
0.03023 
0.03861 
0.04587 
0.05278 
0.06081 
0.06981 
0.07887 
0.08576 
0.09341 
0.10121 
0.10957 
0.11750 
0.12531 
0.13376 
0.14246 
0.15073 
0.15964 
0.16871 
0.17761 
0.18701 
0.19696 
0.20632 
0.21627 
0.22674 
0.23705 
0.24775 
0.25893 
0.26975 
0.28137 
0.29315 
0.30503 
0.31752 
0.33007 
0.34270 
0.35610 
0.36954 
0.38331 
0.39743 
0.41189 
0.42664 
0.44165 
0.45729 
0.47269 
0.48926 
0.50523 
0.52251 
0.53933 
0.55714 
0.57494 
0.59328 
0.61202 
0.63098 
0.65052 
0.67020 
0.69044 
0.71086 
0.73172 
0.75284 
0.77427 
0.79600 
0.81796 
0.84019 
0.86259 
0.88523 
0.90797 
0.93088 
0.95385 
0.97692 
0.00000 
0.00000 
0.00000 
0.00000 
0.00000 
0.00000 
0.00000 
0.00000 
0.00000 
0.00000 
0.00000 
0.00000 
0.00000 
0.00000 
0.00000 
0.00000 
0.00000 
0.00000 
0.00000 
0.00000 
0.00000 
0.00000 
0.00001 
0.00002 
0.00008 
0.00024 
0.00066 
0.00167 
0.00376 
0.00755 
0.01349 
0.02139 
0.03023 
0.03861 
0.04587 
0.05280 
0.06081 
0.07015 
0.07895 
0.08709 
0.09395 
0.10274 
0.11109 
0.11873 
0.12697 
0.13600 
0.14439 
0.15273 
0.16197 
0.17146 
0.18022 
0.18974 
0.19975 
0.20950 
0.21961 
0.23022 
0.24041 
0.25139 
0.26266 
0.27381 
0.28550 
0.29740 
0.30924 
0.32191 
0.33455 
0.34758 
0.36075 
0.37431 
0.38836 
0.40218 
0.41703 
0.43148 
0.44676 
0.46209 
0.47785 
0.49389 
0.51044 
0.52698 
0.54446 
0.56154 
0.57984 
0.59766 
0.61658 
0.63530 
0.65471 
0.67435 
0.69424 
0.71471 
0.73511 
0.75628 
0.77722 
0.79893 
0.82041 
0.84255 
0.86449 
0.88694 
0.90927 
0.93193 
0.95451 
0.97727 
0.00000 
0.00000 
0.00000 
0.00000 
0.00000 
0.00000 
0.00000 
0.00000 
0.00000 
0.00000 
0.00000 
0.00000 
0.00000 
0.00000 
0.00000 
0.00000 
0.00000 
0.00000 
0.00000 
0.00000 
0.00000 
0.00000 
0.00001 
0.00002 
0.00008 
0.00024 
0.00066 
0.00167 
0.00376 
0.00755 
0.01349 
0.02139 
0.03023 
0.03861 
0.04587 
0.05280 
0.06086 
0.07016 
0.07946 
0.08719 
0.09549 
0.10345 
0.11242 
0.12040 
0.12842 
0.13754 
0.14655 
0.15486 
0.16410 
0.17363 
0.18284 
0.19251 
0.20263 
0.21222 
0.22265 
0.23347 
0.24392 
0.25487 
0.26627 
0.27737 
0.28941 
0.30139 
0.31351 
0.32610 
0.33872 
0.35202 
0.36527 
0.37875 
0.39288 
0.40693 
0.42125 
0.43649 
0.45082 
0.46706 
0.48198 
0.49862 
0.51471 
0.53147 
0.54880 
0.56585 
0.58414 
0.60180 
0.62074 
0.63923 
0.65866 
0.67802 
0.69791 
0.71805 
0.73843 
0.75923 
0.78011 
0.80145 
0.82280 
0.84457 
0.86633 
0.88842 
0.91052 
0.93283 
0.95515 
0.97757 
0.00000 
0.00000 
0.00000 
0.00000 
0.00000 
0.00000 
0.00000 
0.00000 
0.00000 
0.00000 
0.00000 
0.00000 
0.00000 
0.00000 
0.00000 
0.00000 
0.00000 
0.00000 
0.00000 
0.00000 
0.00000 
0.00000 
0.00001 
0.00002 
0.00008 
0.00024 
0.00066 
0.00167 
0.00376 
0.00755 
0.01349 
0.02139 
0.03023 
0.03861 
0.04587 
0.05280 
0.06086 
0.07023 
0.07946 
0.08791 
0.09563 
0.10511 
0.11331 
0.12151 
0.13013 
0.13928 
0.14802 
0.15681 
0.16634 
0.17596 
0.18494 
0.19495 
0.20537 
0.21518 
0.22546 
0.23646 
0.24695 
0.25828 
0.26978 
0.28100 
0.29297 
0.30510 
0.31732 
0.33030 
0.34273 
0.35596 
0.36971 
0.38257 
0.39735 
0.41078 
0.42566 
0.44030 
0.45525 
0.47083 
0.48639 
0.50247 
0.51893 
0.53550 
0.55274 
0.57000 
0.58782 
0.60591 
0.62424 
0.64313 
0.66201 
0.68159 
0.70108 
0.72123 
0.74135 
0.76198 
0.78269 
0.80374 
0.82496 
0.84639 
0.86801 
0.88975 
0.91166 
0.93363 
0.95573 
0.97784 
0.00000 
0.00000 
0.00000 
0.00000 
0.00000 
0.00000 
0.00000 
0.00000 
0.00000 
0.00000 
0.00000 
0.00000 
0.00000 
0.00000 
0.00000 
0.00000 
0.00000 
0.00000 
0.00000 
0.00000 
0.00000 
0.00000 
0.00001 
0.00002 
0.00008 
0.00024 
0.00066 
0.00167 
0.00376 
0.00755 
0.01349 
0.02139 
0.03023 
0.03861 
0.04587 
0.05280 
0.06086 
0.07023 
0.07959 
0.08791 
0.09658 
0.10530 
0.11498 
0.12261 
0.13111 
0.14093 
0.15000 
0.15834 
0.16813 
0.17817 
0.18741 
0.19715 
0.20775 
0.21774 
0.22838 
0.23942 
0.24998 
0.26121 
0.27304 
0.28436 
0.29664 
0.30868 
0.32078 
0.33411 
0.34646 
0.35979 
0.37323 
0.38676 
0.40051 
0.41510 
0.42888 
0.44435 
0.45886 
0.47451 
0.49030 
0.50598 
0.52291 
0.53900 
0.55659 
0.57353 
0.59148 
0.60939 
0.62767 
0.64648 
0.66520 
0.68472 
0.70400 
0.72407 
0.74396 
0.76449 
0.78495 
0.80588 
0.82683 
0.84810 
0.86945 
0.89100 
0.91264 
0.93440 
0.95622 
0.97810 
0.00000 
0.00000 
0.00000 
0.00000 
0.00000 
0.00000 
0.00000 
0.00000 
0.00000 
0.00000 
0.00000 
0.00000 
0.00000 
0.00000 
0.00000 
0.00000 
0.00000 
0.00000 
0.00000 
0.00000 
0.00000 
0.00000 
0.00001 
0.00002 
0.00008 
0.00024 
0.00066 
0.00167 
0.00376 
0.00755 
0.01349 
0.02139 
0.03023 
0.03861 
0.04587 
0.05280 
0.06086 
0.07023 
0.07959 
0.08810 
0.09658 
0.10649 
0.11522 
0.12416 
0.13243 
0.14193 
0.15151 
0.16040 
0.16982 
0.17992 
0.18944 
0.19960 
0.21013 
0.22017 
0.23075 
0.24220 
0.25292 
0.26429 
0.27602 
0.28745 
0.29982 
0.31222 
0.32423 
0.33713 
0.35036 
0.36261 
0.37701 
0.38973 
0.40410 
0.41823 
0.43241 
0.44765 
0.46227 
0.47805 
0.49354 
0.50967 
0.52604 
0.54263 
0.55974 
0.57692 
0.59468 
0.61249 
0.63087 
0.64930 
0.66827 
0.68731 
0.70684 
0.72645 
0.74647 
0.76663 
0.78709 
0.80773 
0.82857 
0.84960 
0.87077 
0.89211 
0.91353 
0.93508 
0.95667 
0.97833 
0.00000 
0.00000 
0.00000 
0.00000 
0.00000 
0.00000 
0.00000 
0.00000 
0.00000 
0.00000 
0.00000 
0.00000 
0.00000 
0.00000 
0.00000 
0.00000 
0.00000 
0.00000 
0.00000 
0.00000 
0.00000 
0.00000 
0.00001 
0.00002 
0.00008 
0.00024 
0.00066 
0.00167 
0.00376 
0.00755 
0.01349 
0.02139 
0.03023 
0.03861 
0.04587 
0.05280 
0.06086 
0.07023 
0.07959 
0.08810 
0.09687 
0.10649 
0.11665 
0.12448 
0.13376 
0.14342 
0.15267 
0.16173 
0.17178 
0.18182 
0.19130 
0.20144 
0.21244 
0.22266 
0.23328 
0.24454 
0.25556 
0.26705 
0.27914 
0.29047 
0.30257 
0.31545 
0.32707 
0.34042 
0.35283 
0.36620 
0.37935 
0.39314 
0.40696 
0.42112 
0.43582 
0.45031 
0.46576 
0.48089 
0.49675 
0.51278 
0.52896 
0.54585 
0.56251 
0.58005 
0.59741 
0.61541 
0.63357 
0.65198 
0.67089 
0.68975 
0.70928 
0.72865 
0.74868 
0.76857 
0.78900 
0.80938 
0.83015 
0.85093 
0.87198 
0.89309 
0.91435 
0.93567 
0.95708 
0.97853 
0.00000 
0.00000 
0.00000 
0.00000 
0.00000 
0.00000 
0.00000 
0.00000 
0.00000 
0.00000 
0.00000 
0.00000 
0.00000 
0.00000 
0.00000 
0.00000 
0.00000 
0.00000 
0.00000 
0.00000 
0.00000 
0.00000 
0.00001 
0.00002 
0.00008 
0.00024 
0.00066 
0.00167 
0.00376 
0.00755 
0.01349 
0.02139 
0.03023 
0.03861 
0.04587 
0.05280 
0.06086 
0.07023 
0.07959 
0.08810 
0.09687 
0.10690 
0.11663 
0.12609 
0.13419 
0.14450 
0.15427 
0.16314 
0.17298 
0.18359 
0.19333 
0.20345 
0.21419 
0.22481 
0.23568 
0.24714 
0.25802 
0.26955 
0.28172 
0.29331 
0.30554 
0.31746 
0.33045 
0.34237 
0.35580 
0.36867 
0.38196 
0.39595 
0.40953 
0.42405 
0.43842 
0.45325 
0.46840 
0.48371 
0.49949 
0.51543 
0.53179 
0.54835 
0.56534 
0.58249 
0.60011 
0.61786 
0.63606 
0.65441 
0.67314 
0.69209 
0.71129 
0.73080 
0.75046 
0.77047 
0.79055 
0.81097 
0.83144 
0.85220 
0.87298 
0.89400 
0.91503 
0.93622 
0.95743 
0.97871 
0.00000 
0.00000 
0.00000 
0.00000 
0.00000 
0.00000 
0.00000 
0.00000 
0.00000 
0.00000 
0.00000 
0.00000 
0.00000 
0.00000 
0.00000 
0.00000 
0.00000 
0.00000 
0.00000 
0.00000 
0.00000 
0.00000 
0.00001 
0.00002 
0.00008 
0.00024 
0.00066 
0.00167 
0.00376 
0.00755 
0.01349 
0.02139 
0.03023 
0.03861 
0.04587 
0.05280 
0.06086 
0.07023 
0.07959 
0.08810 
0.09687 
0.10690 
0.11720 
0.12604 
0.13591 
0.14508 
0.15513 
0.16475 
0.17462 
0.18475 
0.19491 
0.20545 
0.21632 
0.22664 
0.23771 
0.24932 
0.26064 
0.27207 
0.28369 
0.29603 
0.30745 
0.32020 
0.33210 
0.34518 
0.35781 
0.37096 
0.38471 
0.39783 
0.41241 
0.42620 
0.44084 
0.45588 
0.47047 
0.48650 
0.50160 
0.51800 
0.53416 
0.55063 
0.56788 
0.58458 
0.60262 
0.61988 
0.63839 
0.65641 
0.67521 
0.69404 
0.71312 
0.73264 
0.75205 
0.77211 
0.79191 
0.81237 
0.83255 
0.85331 
0.87384 
0.89481 
0.91562 
0.93672 
0.95773 
0.97888 
0.00000 
0.00000 
0.00000 
0.00000 
0.00000 
0.00000 
0.00000 
0.00000 
0.00000 
0.00000 
0.00000 
0.00000 
0.00000 
0.00000 
0.00000 
0.00000 
0.00000 
0.00000 
0.00000 
0.00000 
0.00000 
0.00000 
0.00001 
0.00002 
0.00008 
0.00024 
0.00066 
0.00167 
0.00376 
0.00755 
0.01349 
0.02139 
0.03023 
0.03861 
0.04587 
0.05280 
0.06086 
0.07023 
0.07959 
0.08810 
0.09687 
0.10690 
0.11720 
0.12680 
0.13582 
0.14681 
0.15590 
0.16548 
0.17613 
0.18653 
0.19617 
0.20692 
0.21814 
0.22880 
0.23971 
0.25126 
0.26265 
0.27413 
0.28627 
0.29703 
0.31022 
0.32168 
0.33403 
0.34750 
0.35946 
0.37331 
0.38668 
0.39989 
0.41460 
0.42815 
0.44305 
0.45788 
0.47262 
0.48857 
0.50370 
0.52013 
0.53620 
0.55278 
0.56985 
0.58668 
0.60452 
0.62187 
0.64022 
0.65825 
0.67697 
0.69570 
0.71476 
0.73411 
0.75354 
0.77340 
0.79320 
0.81346 
0.83362 
0.85418 
0.87466 
0.89544 
0.91618 
0.93710 
0.95801 
0.97901 
0.00000 
0.00000 
0.00000 
0.00000 
0.00000 
0.00000 
0.00000 
0.00000 
0.00000 
0.00000 
0.00000 
0.00000 
0.00000 
0.00000 
0.00000 
0.00000 
0.00000 
0.00000 
0.00000 
0.00000 
0.00000 
0.00000 
0.00001 
0.00002 
0.00008 
0.00024 
0.00066 
0.00167 
0.00376 
0.00755 
0.01349 
0.02139 
0.03023 
0.03861 
0.04587 
0.05280 
0.06086 
0.07023 
0.07959 
0.08810 
0.09687 
0.10690 
0.11720 
0.12680 
0.13678 
0.14667 
0.15753 
0.16646 
0.17685 
0.18785 
0.19798 
0.20838 
0.21957 
0.23038 
0.24187 
0.25335 
0.26374 
0.27638 
0.28736 
0.29914 
0.31147 
0.32352 
0.33594 
0.34880 
0.36167 
0.37474 
0.38840 
0.40191 
0.41594 
0.43032 
0.44461 
0.45970 
0.47463 
0.49007 
0.50586 
0.52163 
0.53815 
0.55448 
0.57149 
0.58855 
0.60596 
0.62374 
0.64159 
0.65997 
0.67834 
0.69721 
0.71612 
0.73540 
0.75482 
0.77447 
0.79435 
0.81434 
0.83459 
0.85488 
0.87541 
0.89595 
0.91668 
0.93741 
0.95826 
0.97911 
0.00000 
0.00000 
0.00000 
0.00000 
0.00000 
0.00000 
0.00000 
0.00000 
0.00000 
0.00000 
0.00000 
0.00000 
0.00000 
0.00000 
0.00000 
0.00000 
0.00000 
0.00000 
0.00000 
0.00000 
0.00000 
0.00000 
0.00001 
0.00002 
0.00008 
0.00024 
0.00066 
0.00167 
0.00376 
0.00755 
0.01349 
0.02139 
0.03023 
0.03861 
0.04587 
0.05280 
0.06086 
0.07023 
0.07959 
0.08810 
0.09687 
0.10690 
0.11720 
0.12680 
0.13678 
0.14785 
0.15733 
0.16793 
0.17804 
0.18863 
0.19905 
0.21013 
0.22122 
0.23179 
0.24329 
0.25455 
0.26603 
0.27659 
0.28933 
0.30060 
0.31229 
0.32553 
0.33709 
0.35011 
0.36344 
0.37581 
0.39005 
0.40336 
0.41725 
0.43203 
0.44591 
0.46132 
0.47611 
0.49151 
0.50745 
0.52299 
0.53971 
0.55586 
0.57295 
0.58996 
0.60732 
0.62513 
0.64287 
0.66130 
0.67953 
0.69843 
0.71723 
0.73650 
0.75582 
0.77543 
0.79522 
0.81515 
0.83531 
0.85552 
0.87596 
0.89642 
0.91706 
0.93770 
0.95845 
0.97921 
0.00000 
0.00000 
0.00000 
0.00000 
0.00000 
0.00000 
0.00000 
0.00000 
0.00000 
0.00000 
0.00000 
0.00000 
0.00000 
0.00000 
0.00000 
0.00000 
0.00000 
0.00000 
0.00000 
0.00000 
0.00000 
0.00000 
0.00001 
0.00002 
0.00008 
0.00024 
0.00066 
0.00167 
0.00376 
0.00755 
0.01349 
0.02139 
0.03023 
0.03861 
0.04587 
0.05280 
0.06086 
0.07023 
0.07959 
0.08810 
0.09687 
0.10690 
0.11720 
0.12680 
0.13678 
0.14785 
0.15872 
0.16767 
0.17931 
0.19003 
0.19993 
0.21099 
0.22292 
0.23354 
0.24345 
0.25632 
0.26662 
0.27790 
0.29042 
0.30152 
0.31375 
0.32632 
0.33826 
0.35138 
0.36422 
0.37729 
0.39108 
0.40448 
0.41872 
0.43289 
0.44737 
0.46236 
0.47724 
0.49286 
0.50836 
0.52444 
0.54067 
0.55715 
0.57410 
0.59102 
0.60859 
0.62603 
0.64413 
0.66214 
0.68067 
0.69926 
0.71819 
0.73732 
0.75662 
0.77621 
0.79586 
0.81583 
0.83581 
0.85608 
0.87634 
0.89683 
0.91731 
0.93795 
0.95858 
0.97929 
0.00000 
0.00000 
0.00000 
0.00000 
0.00000 
0.00000 
0.00000 
0.00000 
0.00000 
0.00000 
0.00000 
0.00000 
0.00000 
0.00000 
0.00000 
0.00000 
0.00000 
0.00000 
0.00000 
0.00000 
0.00000 
0.00000 
0.00001 
0.00002 
0.00008 
0.00024 
0.00066 
0.00167 
0.00376 
0.00755 
0.01349 
0.02139 
0.03023 
0.03861 
0.04587 
0.05280 
0.06086 
0.07023 
0.07959 
0.08810 
0.09687 
0.10690 
0.11720 
0.12680 
0.13678 
0.14785 
0.15872 
0.16923 
0.17899 
0.19112 
0.20148 
0.21192 
0.22364 
0.23385 
0.24554 
0.25609 
0.26750 
0.27945 
0.29046 
0.30255 
0.31492 
0.32654 
0.33951 
0.35223 
0.36475 
0.37861 
0.39161 
0.40543 
0.41975 
0.43346 
0.44857 
0.46304 
0.47819 
0.49385 
0.50906 
0.52556 
0.54133 
0.55816 
0.57488 
0.59184 
0.60949 
0.62671 
0.64504 
0.66276 
0.68153 
0.69987 
0.71894 
0.73791 
0.75724 
0.77677 
0.79637 
0.81633 
0.83621 
0.85650 
0.87664 
0.89714 
0.91751 
0.93814 
0.95868 
0.97935 
0.00000 
0.00000 
0.00000 
0.00000 
0.00000 
0.00000 
0.00000 
0.00000 
0.00000 
0.00000 
0.00000 
0.00000 
0.00000 
0.00000 
0.00000 
0.00000 
0.00000 
0.00000 
0.00000 
0.00000 
0.00000 
0.00000 
0.00001 
0.00002 
0.00008 
0.00024 
0.00066 
0.00167 
0.00376 
0.00755 
0.01349 
0.02139 
0.03023 
0.03861 
0.04587 
0.05280 
0.06086 
0.07023 
0.07959 
0.08810 
0.09687 
0.10690 
0.11720 
0.12680 
0.13678 
0.14785 
0.15872 
0.16923 
0.18068 
0.19074 
0.20246 
0.21354 
0.22299 
0.23500 
0.24594 
0.25657 
0.26823 
0.27981 
0.29109 
0.30309 
0.31529 
0.32727 
0.33999 
0.35277 
0.36549 
0.37899 
0.39231 
0.40598 
0.42021 
0.43421 
0.44899 
0.46375 
0.47878 
0.49439 
0.50979 
0.52599 
0.54206 
0.55864 
0.57548 
0.59241 
0.60996 
0.62734 
0.64545 
0.66337 
0.68191 
0.70042 
0.71933 
0.73837 
0.75763 
0.77714 
0.79673 
0.81663 
0.83653 
0.85672 
0.87689 
0.89730 
0.91768 
0.93823 
0.95877 
0.97939 
0.00000 
0.00000 
0.00000 
0.00000 
0.00000 
0.00000 
0.00000 
0.00000 
0.00000 
0.00000 
0.00000 
0.00000 
0.00000 
0.00000 
0.00000 
0.00000 
0.00000 
0.00000 
0.00000 
0.00000 
0.00000 
0.00000 
0.00001 
0.00002 
0.00008 
0.00024 
0.00066 
0.00167 
0.00376 
0.00755 
0.01349 
0.02139 
0.03023 
0.03861 
0.04587 
0.05280 
0.06086 
0.07023 
0.07959 
0.08810 
0.09687 
0.10690 
0.11720 
0.12680 
0.13678 
0.14785 
0.15872 
0.16923 
0.18068 
0.19250 
0.20203 
0.21280 
0.22503 
0.23463 
0.24552 
0.25783 
0.26815 
0.27952 
0.29214 
0.30305 
0.31532 
0.32817 
0.33975 
0.35311 
0.36606 
0.37876 
0.39301 
0.40615 
0.42037 
0.43488 
0.44890 
0.46433 
0.47896 
0.49458 
0.51030 
0.52598 
0.54263 
0.55871 
0.57588 
0.59269 
0.61016 
0.62777 
0.64553 
0.66383 
0.68198 
0.70081 
0.71944 
0.73866 
0.75779 
0.77733 
0.79691 
0.81675 
0.83670 
0.85679 
0.87704 
0.89734 
0.91779 
0.93826 
0.95882 
0.97939 
0.00000 
0.00000 
0.00000 
0.00000 
0.00000 
0.00000 
0.00000 
0.00000 
0.00000 
0.00000 
0.00000 
0.00000 
0.00000 
0.00000 
0.00000 
0.00000 
0.00000 
0.00000 
0.00000 
0.00000 
0.00000 
0.00000 
0.00001 
0.00002 
0.00008 
0.00024 
0.00066 
0.00167 
0.00376 
0.00755 
0.01349 
0.02139 
0.03023 
0.03861 
0.04587 
0.05280 
0.06086 
0.07023 
0.07959 
0.08810 
0.09687 
0.10690 
0.11720 
0.12680 
0.13678 
0.14785 
0.15872 
0.16923 
0.18068 
0.19250 
0.20203 
0.21280 
0.22503 
0.23463 
0.24552 
0.25783 
0.26815 
0.27952 
0.29214 
0.30305 
0.31532 
0.32817 
0.33975 
0.35311 
0.36606 
0.37876 
0.39301 
0.40615 
0.42037 
0.43488 
0.44890 
0.46433 
0.47896 
0.49458 
0.51030 
0.52598 
0.54263 
0.55871 
0.57588 
0.59269 
0.61016 
0.62777 
0.64553 
0.66383 
0.68198 
0.70081 
0.71944 
0.73866 
0.75779 
0.77733 
0.79691 
0.81675 
0.83670 
0.85679 
0.87704 
0.89734 
0.91779 
0.93826 
0.95882 
0.97939 
0.00000 
0.00000 
0.00000 
0.00000 
0.00000 
0.00000 
0.00000 
0.00000 
0.00000 
0.00000 
0.00000 
0.00000 
0.00000 
0.00000 
0.00000 
0.00000 
0.00000 
0.00000 
0.00000 
0.00000 
0.00000 
0.00000 
0.00001 
0.00002 
0.00008 
0.00024 
0.00066 
0.00167 
0.00376 
0.00755 
0.01349 
0.02139 
0.03023 
0.03861 
0.04587 
0.05280 
0.06086 
0.07023 
0.07959 
0.08810 
0.09687 
0.10690 
0.11720 
0.12680 
0.13678 
0.14785 
0.15872 
0.16923 
0.18068 
0.19074 
0.20246 
0.21354 
0.22299 
0.23500 
0.24594 
0.25657 
0.26823 
0.27981 
0.29109 
0.30309 
0.31529 
0.32727 
0.33999 
0.35277 
0.36549 
0.37899 
0.39231 
0.40598 
0.42021 
0.43421 
0.44899 
0.46375 
0.47878 
0.49439 
0.50979 
0.52599 
0.54206 
0.55864 
0.57548 
0.59241 
0.60996 
0.62734 
0.64545 
0.66337 
0.68191 
0.70042 
0.71933 
0.73837 
0.75763 
0.77714 
0.79673 
0.81663 
0.83653 
0.85672 
0.87689 
0.89730 
0.91768 
0.93823 
0.95877 
0.97939 
0.00000 
0.00000 
0.00000 
0.00000 
0.00000 
0.00000 
0.00000 
0.00000 
0.00000 
0.00000 
0.00000 
0.00000 
0.00000 
0.00000 
0.00000 
0.00000 
0.00000 
0.00000 
0.00000 
0.00000 
0.00000 
0.00000 
0.00001 
0.00002 
0.00008 
0.00024 
0.00066 
0.00167 
0.00376 
0.00755 
0.01349 
0.02139 
0.03023 
0.03861 
0.04587 
0.05280 
0.06086 
0.07023 
0.07959 
0.08810 
0.09687 
0.10690 
0.11720 
0.12680 
0.13678 
0.14785 
0.15872 
0.16923 
0.17899 
0.19112 
0.20148 
0.21192 
0.22364 
0.23385 
0.24554 
0.25609 
0.26750 
0.27945 
0.29046 
0.30255 
0.31492 
0.32654 
0.33951 
0.35223 
0.36475 
0.37861 
0.39161 
0.40543 
0.41975 
0.43346 
0.44857 
0.46304 
0.47819 
0.49385 
0.50906 
0.52556 
0.54133 
0.55816 
0.57488 
0.59184 
0.60949 
0.62671 
0.64504 
0.66276 
0.68153 
0.69987 
0.71894 
0.73791 
0.75724 
0.77677 
0.79637 
0.81633 
0.83621 
0.85650 
0.87664 
0.89714 
0.91751 
0.93814 
0.95868 
0.97935 
0.00000 
0.00000 
0.00000 
0.00000 
0.00000 
0.00000 
0.00000 
0.00000 
0.00000 
0.00000 
0.00000 
0.00000 
0.00000 
0.00000 
0.00000 
0.00000 
0.00000 
0.00000 
0.00000 
0.00000 
0.00000 
0.00000 
0.00001 
0.00002 
0.00008 
0.00024 
0.00066 
0.00167 
0.00376 
0.00755 
0.01349 
0.02139 
0.03023 
0.03861 
0.04587 
0.05280 
0.06086 
0.07023 
0.07959 
0.08810 
0.09687 
0.10690 
0.11720 
0.12680 
0.13678 
0.14785 
0.15872 
0.16767 
0.17931 
0.19003 
0.19993 
0.21099 
0.22292 
0.23354 
0.24345 
0.25632 
0.26662 
0.27790 
0.29042 
0.30152 
0.31375 
0.32632 
0.33826 
0.35138 
0.36422 
0.37729 
0.39108 
0.40448 
0.41872 
0.43289 
0.44737 
0.46236 
0.47724 
0.49286 
0.50836 
0.52444 
0.54067 
0.55715 
0.57410 
0.59102 
0.60859 
0.62603 
0.64413 
0.66214 
0.68067 
0.69926 
0.71819 
0.73732 
0.75662 
0.77621 
0.79586 
0.81583 
0.83581 
0.85608 
0.87634 
0.89683 
0.91731 
0.93795 
0.95858 
0.97929 
0.00000 
0.00000 
0.00000 
0.00000 
0.00000 
0.00000 
0.00000 
0.00000 
0.00000 
0.00000 
0.00000 
0.00000 
0.00000 
0.00000 
0.00000 
0.00000 
0.00000 
0.00000 
0.00000 
0.00000 
0.00000 
0.00000 
0.00001 
0.00002 
0.00008 
0.00024 
0.00066 
0.00167 
0.00376 
0.00755 
0.01349 
0.02139 
0.03023 
0.03861 
0.04587 
0.05280 
0.06086 
0.07023 
0.07959 
0.08810 
0.09687 
0.10690 
0.11720 
0.12680 
0.13678 
0.14785 
0.15733 
0.16793 
0.17804 
0.18863 
0.19905 
0.21013 
0.22122 
0.23179 
0.24329 
0.25455 
0.26603 
0.27659 
0.28933 
0.30060 
0.31229 
0.32553 
0.33709 
0.35011 
0.36344 
0.37581 
0.39005 
0.40336 
0.41725 
0.43203 
0.44591 
0.46132 
0.47611 
0.49151 
0.50745 
0.52299 
0.53971 
0.55586 
0.57295 
0.58996 
0.60732 
0.62513 
0.64287 
0.66130 
0.67953 
0.69843 
0.71723 
0.73650 
0.75582 
0.77543 
0.79522 
0.81515 
0.83531 
0.85552 
0.87596 
0.89642 
0.91706 
0.93770 
0.95845 
0.97921 
0.00000 
0.00000 
0.00000 
0.00000 
0.00000 
0.00000 
0.00000 
0.00000 
0.00000 
0.00000 
0.00000 
0.00000 
0.00000 
0.00000 
0.00000 
0.00000 
0.00000 
0.00000 
0.00000 
0.00000 
0.00000 
0.00000 
0.00001 
0.00002 
0.00008 
0.00024 
0.00066 
0.00167 
0.00376 
0.00755 
0.01349 
0.02139 
0.03023 
0.03861 
0.04587 
0.05280 
0.06086 
0.07023 
0.07959 
0.08810 
0.09687 
0.10690 
0.11720 
0.12680 
0.13678 
0.14667 
0.15753 
0.16646 
0.17685 
0.18785 
0.19798 
0.20838 
0.21957 
0.23038 
0.24187 
0.25335 
0.26374 
0.27638 
0.28736 
0.29914 
0.31147 
0.32352 
0.33594 
0.34880 
0.36167 
0.37474 
0.38840 
0.40191 
0.41594 
0.43032 
0.44461 
0.45970 
0.47463 
0.49007 
0.50586 
0.52163 
0.53815 
0.55448 
0.57149 
0.58855 
0.60596 
0.62374 
0.64159 
0.65997 
0.67834 
0.69721 
0.71612 
0.73540 
0.75482 
0.77447 
0.79435 
0.81434 
0.83459 
0.85488 
0.87541 
0.89595 
0.91668 
0.93741 
0.95826 
0.97911 
0.00000 
0.00000 
0.00000 
0.00000 
0.00000 
0.00000 
0.00000 
0.00000 
0.00000 
0.00000 
0.00000 
0.00000 
0.00000 
0.00000 
0.00000 
0.00000 
0.00000 
0.00000 
0.00000 
0.00000 
0.00000 
0.00000 
0.00001 
0.00002 
0.00008 
0.00024 
0.00066 
0.00167 
0.00376 
0.00755 
0.01349 
0.02139 
0.03023 
0.03861 
0.04587 
0.05280 
0.06086 
0.07023 
0.07959 
0.08810 
0.09687 
0.10690 
0.11720 
0.12680 
0.13582 
0.14681 
0.15590 
0.16548 
0.17613 
0.18653 
0.19617 
0.20692 
0.21814 
0.22880 
0.23971 
0.25126 
0.26265 
0.27413 
0.28627 
0.29703 
0.31022 
0.32168 
0.33403 
0.34750 
0.35946 
0.37331 
0.38668 
0.39989 
0.41460 
0.42815 
0.44305 
0.45788 
0.47262 
0.48857 
0.50370 
0.52013 
0.53620 
0.55278 
0.56985 
0.58668 
0.60452 
0.62187 
0.64022 
0.65825 
0.67697 
0.69570 
0.71476 
0.73411 
0.75354 
0.77340 
0.79320 
0.81346 
0.83362 
0.85418 
0.87466 
0.89544 
0.91618 
0.93710 
0.95801 
0.97901 
0.00000 
0.00000 
0.00000 
0.00000 
0.00000 
0.00000 
0.00000 
0.00000 
0.00000 
0.00000 
0.00000 
0.00000 
0.00000 
0.00000 
0.00000 
0.00000 
0.00000 
0.00000 
0.00000 
0.00000 
0.00000 
0.00000 
0.00001 
0.00002 
0.00008 
0.00024 
0.00066 
0.00167 
0.00376 
0.00755 
0.01349 
0.02139 
0.03023 
0.03861 
0.04587 
0.05280 
0.06086 
0.07023 
0.07959 
0.08810 
0.09687 
0.10690 
0.11720 
0.12604 
0.13591 
0.14508 
0.15513 
0.16475 
0.17462 
0.18475 
0.19491 
0.20545 
0.21632 
0.22664 
0.23771 
0.24932 
0.26064 
0.27207 
0.28369 
0.29603 
0.30745 
0.32020 
0.33210 
0.34518 
0.35781 
0.37096 
0.38471 
0.39783 
0.41241 
0.42620 
0.44084 
0.45588 
0.47047 
0.48650 
0.50160 
0.51800 
0.53416 
0.55063 
0.56788 
0.58458 
0.60262 
0.61988 
0.63839 
0.65641 
0.67521 
0.69404 
0.71312 
0.73264 
0.75205 
0.77211 
0.79191 
0.81237 
0.83255 
0.85331 
0.87384 
0.89481 
0.91562 
0.93672 
0.95773 
0.97888 
0.00000 
0.00000 
0.00000 
0.00000 
0.00000 
0.00000 
0.00000 
0.00000 
0.00000 
0.00000 
0.00000 
0.00000 
0.00000 
0.00000 
0.00000 
0.00000 
0.00000 
0.00000 
0.00000 
0.00000 
0.00000 
0.00000 
0.00001 
0.00002 
0.00008 
0.00024 
0.00066 
0.00167 
0.00376 
0.00755 
0.01349 
0.02139 
0.03023 
0.03861 
0.04587 
0.05280 
0.06086 
0.07023 
0.07959 
0.08810 
0.09687 
0.10690 
0.11663 
0.12609 
0.13419 
0.14450 
0.15427 
0.16314 
0.17298 
0.18359 
0.19333 
0.20345 
0.21419 
0.22481 
0.23568 
0.24714 
0.25802 
0.26955 
0.28172 
0.29331 
0.30554 
0.31746 
0.33045 
0.34237 
0.35580 
0.36867 
0.38196 
0.39595 
0.40953 
0.42405 
0.43842 
0.45325 
0.46840 
0.48371 
0.49949 
0.51543 
0.53179 
0.54835 
0.56534 
0.58249 
0.60011 
0.61786 
0.63606 
0.65441 
0.67314 
0.69209 
0.71129 
0.73080 
0.75046 
0.77047 
0.79055 
0.81097 
0.83144 
0.85220 
0.87298 
0.89400 
0.91503 
0.93622 
0.95743 
0.97871 
0.00000 
0.00000 
0.00000 
0.00000 
0.00000 
0.00000 
0.00000 
0.00000 
0.00000 
0.00000 
0.00000 
0.00000 
0.00000 
0.00000 
0.00000 
0.00000 
0.00000 
0.00000 
0.00000 
0.00000 
0.00000 
0.00000 
0.00001 
0.00002 
0.00008 
0.00024 
0.00066 
0.00167 
0.00376 
0.00755 
0.01349 
0.02139 
0.03023 
0.03861 
0.04587 
0.05280 
0.06086 
0.07023 
0.07959 
0.08810 
0.09687 
0.10649 
0.11665 
0.12448 
0.13376 
0.14342 
0.15267 
0.16173 
0.17178 
0.18182 
0.19130 
0.20144 
0.21244 
0.22266 
0.23328 
0.24454 
0.25556 
0.26705 
0.27914 
0.29047 
0.30257 
0.31545 
0.32707 
0.34042 
0.35283 
0.36620 
0.37935 
0.39314 
0.40696 
0.42112 
0.43582 
0.45031 
0.46576 
0.48089 
0.49675 
0.51278 
0.52896 
0.54585 
0.56251 
0.58005 
0.59741 
0.61541 
0.63357 
0.65198 
0.67089 
0.68975 
0.70928 
0.72865 
0.74868 
0.76857 
0.78900 
0.80938 
0.83015 
0.85093 
0.87198 
0.89309 
0.91435 
0.93567 
0.95708 
0.97853 
0.00000 
0.00000 
0.00000 
0.00000 
0.00000 
0.00000 
0.00000 
0.00000 
0.00000 
0.00000 
0.00000 
0.00000 
0.00000 
0.00000 
0.00000 
0.00000 
0.00000 
0.00000 
0.00000 
0.00000 
0.00000 
0.00000 
0.00001 
0.00002 
0.00008 
0.00024 
0.00066 
0.00167 
0.00376 
0.00755 
0.01349 
0.02139 
0.03023 
0.03861 
0.04587 
0.05280 
0.06086 
0.07023 
0.07959 
0.08810 
0.09658 
0.10649 
0.11522 
0.12416 
0.13243 
0.14193 
0.15151 
0.16040 
0.16982 
0.17992 
0.18944 
0.19960 
0.21013 
0.22017 
0.23075 
0.24220 
0.25292 
0.26429 
0.27602 
0.28745 
0.29982 
0.31222 
0.32423 
0.33713 
0.35036 
0.36261 
0.37701 
0.38973 
0.40410 
0.41823 
0.43241 
0.44765 
0.46227 
0.47805 
0.49354 
0.50967 
0.52604 
0.54263 
0.55974 
0.57692 
0.59468 
0.61249 
0.63087 
0.64930 
0.66827 
0.68731 
0.70684 
0.72645 
0.74647 
0.76663 
0.78709 
0.80773 
0.82857 
0.84960 
0.87077 
0.89211 
0.91353 
0.93508 
0.95667 
0.97833 
0.00000 
0.00000 
0.00000 
0.00000 
0.00000 
0.00000 
0.00000 
0.00000 
0.00000 
0.00000 
0.00000 
0.00000 
0.00000 
0.00000 
0.00000 
0.00000 
0.00000 
0.00000 
0.00000 
0.00000 
0.00000 
0.00000 
0.00001 
0.00002 
0.00008 
0.00024 
0.00066 
0.00167 
0.00376 
0.00755 
0.01349 
0.02139 
0.03023 
0.03861 
0.04587 
0.05280 
0.06086 
0.07023 
0.07959 
0.08791 
0.09658 
0.10530 
0.11498 
0.12261 
0.13111 
0.14093 
0.15000 
0.15834 
0.16813 
0.17817 
0.18741 
0.19715 
0.20775 
0.21774 
0.22838 
0.23942 
0.24998 
0.26121 
0.27304 
0.28436 
0.29664 
0.30868 
0.32078 
0.33411 
0.34646 
0.35979 
0.37323 
0.38676 
0.40051 
0.41510 
0.42888 
0.44435 
0.45886 
0.47451 
0.49030 
0.50598 
0.52291 
0.53900 
0.55659 
0.57353 
0.59148 
0.60939 
0.62767 
0.64648 
0.66520 
0.68472 
0.70400 
0.72407 
0.74396 
0.76449 
0.78495 
0.80588 
0.82683 
0.84810 
0.86945 
0.89100 
0.91264 
0.93440 
0.95622 
0.97810 
0.00000 
0.00000 
0.00000 
0.00000 
0.00000 
0.00000 
0.00000 
0.00000 
0.00000 
0.00000 
0.00000 
0.00000 
0.00000 
0.00000 
0.00000 
0.00000 
0.00000 
0.00000 
0.00000 
0.00000 
0.00000 
0.00000 
0.00001 
0.00002 
0.00008 
0.00024 
0.00066 
0.00167 
0.00376 
0.00755 
0.01349 
0.02139 
0.03023 
0.03861 
0.04587 
0.05280 
0.06086 
0.07023 
0.07946 
0.08791 
0.09563 
0.10511 
0.11331 
0.12151 
0.13013 
0.13928 
0.14802 
0.15681 
0.16634 
0.17596 
0.18494 
0.19495 
0.20537 
0.21518 
0.22546 
0.23646 
0.24695 
0.25828 
0.26978 
0.28100 
0.29297 
0.30510 
0.31732 
0.33030 
0.34273 
0.35596 
0.36971 
0.38257 
0.39735 
0.41078 
0.42566 
0.44030 
0.45525 
0.47083 
0.48639 
0.50247 
0.51893 
0.53550 
0.55274 
0.57000 
0.58782 
0.60591 
0.62424 
0.64313 
0.66201 
0.68159 
0.70108 
0.72123 
0.74135 
0.76198 
0.78269 
0.80374 
0.82496 
0.84639 
0.86801 
0.88975 
0.91166 
0.93363 
0.95573 
0.97784 
0.00000 
0.00000 
0.00000 
0.00000 
0.00000 
0.00000 
0.00000 
0.00000 
0.00000 
0.00000 
0.00000 
0.00000 
0.00000 
0.00000 
0.00000 
0.00000 
0.00000 
0.00000 
0.00000 
0.00000 
0.00000 
0.00000 
0.00001 
0.00002 
0.00008 
0.00024 
0.00066 
0.00167 
0.00376 
0.00755 
0.01349 
0.02139 
0.03023 
0.03861 
0.04587 
0.05280 
0.06086 
0.07016 
0.07946 
0.08719 
0.09549 
0.10345 
0.11242 
0.12040 
0.12842 
0.13754 
0.14655 
0.15486 
0.16410 
0.17363 
0.18284 
0.19251 
0.20263 
0.21222 
0.22265 
0.23347 
0.24392 
0.25487 
0.26627 
0.27737 
0.28941 
0.30139 
0.31351 
0.32610 
0.33872 
0.35202 
0.36527 
0.37875 
0.39288 
0.40693 
0.42125 
0.43649 
0.45082 
0.46706 
0.48198 
0.49862 
0.51471 
0.53147 
0.54880 
0.56585 
0.58414 
0.60180 
0.62074 
0.63923 
0.65866 
0.67802 
0.69791 
0.71805 
0.73843 
0.75923 
0.78011 
0.80145 
0.82280 
0.84457 
0.86633 
0.88842 
0.91052 
0.93283 
0.95515 
0.97757 
0.00000 
0.00000 
0.00000 
0.00000 
0.00000 
0.00000 
0.00000 
0.00000 
0.00000 
0.00000 
0.00000 
0.00000 
0.00000 
0.00000 
0.00000 
0.00000 
0.00000 
0.00000 
0.00000 
0.00000 
0.00000 
0.00000 
0.00001 
0.00002 
0.00008 
0.00024 
0.00066 
0.00167 
0.00376 
0.00755 
0.01349 
0.02139 
0.03023 
0.03861 
0.04587 
0.05280 
0.06081 
0.07015 
0.07895 
0.08709 
0.09395 
0.10274 
0.11109 
0.11873 
0.12697 
0.13600 
0.14439 
0.15273 
0.16197 
0.17146 
0.18022 
0.18974 
0.19975 
0.20950 
0.21961 
0.23022 
0.24041 
0.25139 
0.26266 
0.27381 
0.28550 
0.29740 
0.30924 
0.32191 
0.33455 
0.34758 
0.36075 
0.37431 
0.38836 
0.40218 
0.41703 
0.43148 
0.44676 
0.46209 
0.47785 
0.49389 
0.51044 
0.52698 
0.54446 
0.56154 
0.57984 
0.59766 
0.61658 
0.63530 
0.65471 
0.67435 
0.69424 
0.71471 
0.73511 
0.75628 
0.77722 
0.79893 
0.82041 
0.84255 
0.86449 
0.88694 
0.90927 
0.93193 
0.95451 
0.97727 
0.00000 
0.00000 
0.00000 
0.00000 
0.00000 
0.00000 
0.00000 
0.00000 
0.00000 
0.00000 
0.00000 
0.00000 
0.00000 
0.00000 
0.00000 
0.00000 
0.00000 
0.00000 
0.00000 
0.00000 
0.00000 
0.00000 
0.00001 
0.00002 
0.00008 
0.00024 
0.00066 
0.00167 
0.00376 
0.00755 
0.01349 
0.02139 
0.03023 
0.03861 
0.04587 
0.05278 
0.06081 
0.06981 
0.07887 
0.08576 
0.09341 
0.10121 
0.10957 
0.11750 
0.12531 
0.13376 
0.14246 
0.15073 
0.15964 
0.16871 
0.17761 
0.18701 
0.19696 
0.20632 
0.21627 
0.22674 
0.23705 
0.24775 
0.25893 
0.26975 
0.28137 
0.29315 
0.30503 
0.31752 
0.33007 
0.34270 
0.35610 
0.36954 
0.38331 
0.39743 
0.41189 
0.42664 
0.44165 
0.45729 
0.47269 
0.48926 
0.50523 
0.52251 
0.53933 
0.55714 
0.57494 
0.59328 
0.61202 
0.63098 
0.65052 
0.67020 
0.69044 
0.71086 
0.73172 
0.75284 
0.77427 
0.79600 
0.81796 
0.84019 
0.86259 
0.88523 
0.90797 
0.93088 
0.95385 
0.97692 
0.00000 
0.00000 
0.00000 
0.00000 
0.00000 
0.00000 
0.00000 
0.00000 
0.00000 
0.00000 
0.00000 
0.00000 
0.00000 
0.00000 
0.00000 
0.00000 
0.00000 
0.00000 
0.00000 
0.00000 
0.00000 
0.00000 
0.00001 
0.00002 
0.00008 
0.00024 
0.00066 
0.00167 
0.00376 
0.00755 
0.01349 
0.02139 
0.03023 
0.03861 
0.04585 
0.05278 
0.06059 
0.06975 
0.07780 
0.08535 
0.09175 
0.09987 
0.10839 
0.11573 
0.12318 
0.13199 
0.14042 
0.14830 
0.15695 
0.16626 
0.17492 
0.18404 
0.19366 
0.20309 
0.21288 
0.22335 
0.23330 
0.24383 
0.25481 
0.26567 
0.27711 
0.28889 
0.30042 
0.31284 
0.32513 
0.33783 
0.35121 
0.36440 
0.37804 
0.39229 
0.40647 
0.42127 
0.43637 
0.45166 
0.46759 
0.48356 
0.50020 
0.51693 
0.53435 
0.55178 
0.57005 
0.58815 
0.60730 
0.62612 
0.64605 
0.66566 
0.68628 
0.70672 
0.72795 
0.74918 
0.77096 
0.79290 
0.81518 
0.83771 
0.86043 
0.88341 
0.90649 
0.92978 
0.95310 
0.97655 
0.00000 
0.00000 
0.00000 
0.00000 
0.00000 
0.00000 
0.00000 
0.00000 
0.00000 
0.00000 
0.00000 
0.00000 
0.00000 
0.00000 
0.00000 
0.00000 
0.00000 
0.00000 
0.00000 
0.00000 
0.00000 
0.00000 
0.00001 
0.00002 
0.00008 
0.00024 
0.00066 
0.00167 
0.00376 
0.00755 
0.01349 
0.02139 
0.03023 
0.03861 
0.04585 
0.05264 
0.06055 
0.06895 
0.07749 
0.08369 
0.09063 
0.09860 
0.10659 
0.11388 
0.12147 
0.12977 
0.13801 
0.14581 
0.15454 
0.16347 
0.17188 
0.18080 
0.19058 
0.19974 
0.20932 
0.21947 
0.22939 
0.23975 
0.25079 
0.26132 
0.27264 
0.28414 
0.29562 
0.30791 
0.32020 
0.33271 
0.34599 
0.35880 
0.37267 
0.38672 
0.40073 
0.41567 
0.43052 
0.44592 
0.46176 
0.47777 
0.49438 
0.51128 
0.52850 
0.54636 
0.56425 
0.58301 
0.60168 
0.62123 
0.64076 
0.66105 
0.68144 
0.70244 
0.72363 
0.74533 
0.76724 
0.78959 
0.81211 
0.83502 
0.85807 
0.88143 
0.90489 
0.92856 
0.95229 
0.97614 
0.00000 
0.00000 
0.00000 
0.00000 
0.00000 
0.00000 
0.00000 
0.00000 
0.00000 
0.00000 
0.00000 
0.00000 
0.00000 
0.00000 
0.00000 
0.00000 
0.00000 
0.00000 
0.00000 
0.00000 
0.00000 
0.00000 
0.00001 
0.00002 
0.00008 
0.00024 
0.00066 
0.00167 
0.00376 
0.00755 
0.01349 
0.02139 
0.03023 
0.03861 
0.04577 
0.05261 
0.05998 
0.06872 
0.07598 
0.08279 
0.08917 
0.09685 
0.10503 
0.11212 
0.11910 
0.12752 
0.13575 
0.14331 
0.15159 
0.16053 
0.16881 
0.17771 
0.18712 
0.19607 
0.20544 
0.21569 
0.22534 
0.23560 
0.24630 
0.25671 
0.26786 
0.27938 
0.29062 
0.30288 
0.31484 
0.32728 
0.34032 
0.35318 
0.36700 
0.38080 
0.39469 
0.40975 
0.42426 
0.43984 
0.45554 
0.47149 
0.48829 
0.50491 
0.52252 
0.54009 
0.55840 
0.57694 
0.59602 
0.61546 
0.63540 
0.65565 
0.67647 
0.69748 
0.71916 
0.74091 
0.76334 
0.78580 
0.80888 
0.83197 
0.85557 
0.87919 
0.90318 
0.92719 
0.95143 
0.97568 
0.00000 
0.00000 
0.00000 
0.00000 
0.00000 
0.00000 
0.00000 
0.00000 
0.00000 
0.00000 
0.00000 
0.00000 
0.00000 
0.00000 
0.00000 
0.00000 
0.00000 
0.00000 
0.00000 
0.00000 
0.00000 
0.00000 
0.00001 
0.00002 
0.00008 
0.00024 
0.00066 
0.00167 
0.00376 
0.00755 
0.01349 
0.02139 
0.03023 
0.03856 
0.04576 
0.05224 
0.05982 
0.06744 
0.07527 
0.08116 
0.08757 
0.09548 
0.10320 
0.10978 
0.11704 
0.12531 
0.13314 
0.14036 
0.14883 
0.15758 
0.16559 
0.17413 
0.18355 
0.19231 
0.20167 
0.21158 
0.22102 
0.23104 
0.24175 
0.25194 
0.26307 
0.27424 
0.28536 
0.29738 
0.30929 
0.32158 
0.33459 
0.34725 
0.36097 
0.37441 
0.38853 
0.40334 
0.41775 
0.43338 
0.44890 
0.46490 
0.48167 
0.49825 
0.51598 
0.53350 
0.55193 
0.57059 
0.58968 
0.60945 
0.62930 
0.65005 
0.67076 
0.69237 
0.71397 
0.73636 
0.75881 
0.78190 
0.80511 
0.82881 
0.85266 
0.87686 
0.90119 
0.92577 
0.95042 
0.97520 
0.00000 
0.00000 
0.00000 
0.00000 
0.00000 
0.00000 
0.00000 
0.00000 
0.00000 
0.00000 
0.00000 
0.00000 
0.00000 
0.00000 
0.00000 
0.00000 
0.00000 
0.00000 
0.00000 
0.00000 
0.00000 
0.00000 
0.00001 
0.00002 
0.00008 
0.00024 
0.00066 
0.00167 
0.00376 
0.00755 
0.01349 
0.02139 
0.03021 
0.03855 
0.04552 
0.05213 
0.05882 
0.06691 
0.07358 
0.07976 
0.08621 
0.09360 
0.10108 
0.10784 
0.11471 
0.12271 
0.13038 
0.13769 
0.14582 
0.15429 
0.16204 
0.17071 
0.17987 
0.18841 
0.19744 
0.20728 
0.21652 
0.22656 
0.23695 
0.24697 
0.25781 
0.26890 
0.27983 
0.29184 
0.30347 
0.31570 
0.32839 
0.34099 
0.35448 
0.36795 
0.38200 
0.39656 
0.41088 
0.42660 
0.44180 
0.45802 
0.47456 
0.49122 
0.50897 
0.52644 
0.54508 
0.56365 
0.58303 
0.60277 
0.62293 
0.64376 
0.66480 
0.68659 
0.70855 
0.73119 
0.75407 
0.77745 
0.80116 
0.82521 
0.84959 
0.87421 
0.89910 
0.92414 
0.94936 
0.97465 
0.00000 
0.00000 
0.00000 
0.00000 
0.00000 
0.00000 
0.00000 
0.00000 
0.00000 
0.00000 
0.00000 
0.00000 
0.00000 
0.00000 
0.00000 
0.00000 
0.00000 
0.00000 
0.00000 
0.00000 
0.00000 
0.00000 
0.00001 
0.00002 
0.00008 
0.00024 
0.00066 
0.00167 
0.00376 
0.00755 
0.01349 
0.02138 
0.03020 
0.03841 
0.04545 
0.05140 
0.05843 
0.06530 
0.07241 
0.07828 
0.08434 
0.09180 
0.09918 
0.10536 
0.11224 
0.12021 
0.12768 
0.13454 
0.14262 
0.15093 
0.15866 
0.16696 
0.17589 
0.18418 
0.19329 
0.20285 
0.21193 
0.22165 
0.23188 
0.24169 
0.25253 
0.26333 
0.27419 
0.28586 
0.29737 
0.30938 
0.32200 
0.33443 
0.34786 
0.36113 
0.37507 
0.38930 
0.40383 
0.41928 
0.43442 
0.45066 
0.46705 
0.48378 
0.50151 
0.51895 
0.53775 
0.55625 
0.57589 
0.59564 
0.61606 
0.63704 
0.65830 
0.68041 
0.70259 
0.72568 
0.74879 
0.77273 
0.79673 
0.82139 
0.84614 
0.87140 
0.89674 
0.92241 
0.94816 
0.97407 
0.00000 
0.00000 
0.00000 
0.00000 
0.00000 
0.00000 
0.00000 
0.00000 
0.00000 
0.00000 
0.00000 
0.00000 
0.00000 
0.00000 
0.00000 
0.00000 
0.00000 
0.00000 
0.00000 
0.00000 
0.00000 
0.00000 
0.00001 
0.00002 
0.00008 
0.00024 
0.00066 
0.00167 
0.00376 
0.00755 
0.01348 
0.02137 
0.03012 
0.03837 
0.04496 
0.05113 
0.05703 
0.06436 
0.07077 
0.07652 
0.08279 
0.08986 
0.09669 
0.10308 
0.10985 
0.11744 
0.12452 
0.13153 
0.13942 
0.14746 
0.15481 
0.16310 
0.17182 
0.18005 
0.18881 
0.19815 
0.20697 
0.21668 
0.22664 
0.23637 
0.24687 
0.25750 
0.26810 
0.27969 
0.29098 
0.30295 
0.31527 
0.32762 
0.34075 
0.35395 
0.36765 
0.38190 
0.39635 
0.41155 
0.42664 
0.44291 
0.45904 
0.47598 
0.49347 
0.51110 
0.52984 
0.54843 
0.56821 
0.58800 
0.60870 
0.62977 
0.65138 
0.67367 
0.69624 
0.71963 
0.74317 
0.76752 
0.79200 
0.81716 
0.84246 
0.86827 
0.89421 
0.92049 
0.94687 
0.97342 
0.00000 
0.00000 
0.00000 
0.00000 
0.00000 
0.00000 
0.00000 
0.00000 
0.00000 
0.00000 
0.00000 
0.00000 
0.00000 
0.00000 
0.00000 
0.00000 
0.00000 
0.00000 
0.00000 
0.00000 
0.00000 
0.00000 
0.00001 
0.00002 
0.00008 
0.00024 
0.00066 
0.00167 
0.00376 
0.00755 
0.01348 
0.02133 
0.03010 
0.03806 
0.04477 
0.05001 
0.05630 
0.06265 
0.06920 
0.07504 
0.08082 
0.08758 
0.09457 
0.10061 
0.10709 
0.11448 
0.12163 
0.12830 
0.13591 
0.14367 
0.15110 
0.15913 
0.16759 
0.17549 
0.18418 
0.19327 
0.20206 
0.21143 
0.22118 
0.23062 
0.24102 
0.25140 
0.26197 
0.27322 
0.28440 
0.29604 
0.30824 
0.32037 
0.33341 
0.34642 
0.36005 
0.37408 
0.38841 
0.40331 
0.41858 
0.43458 
0.45070 
0.46763 
0.48501 
0.50272 
0.52144 
0.54010 
0.56001 
0.57985 
0.60081 
0.62197 
0.64393 
0.66641 
0.68938 
0.71309 
0.73709 
0.76188 
0.78686 
0.81257 
0.83843 
0.86488 
0.89144 
0.91841 
0.94546 
0.97272 
0.00000 
0.00000 
0.00000 
0.00000 
0.00000 
0.00000 
0.00000 
0.00000 
0.00000 
0.00000 
0.00000 
0.00000 
0.00000 
0.00000 
0.00000 
0.00000 
0.00000 
0.00000 
0.00000 
0.00000 
0.00000 
0.00000 
0.00001 
0.00002 
0.00008 
0.00024 
0.00066 
0.00167 
0.00376 
0.00755 
0.01346 
0.02132 
0.02991 
0.03794 
0.04395 
0.04947 
0.05466 
0.06130 
0.06764 
0.07310 
0.07886 
0.08553 
0.09196 
0.09799 
0.10441 
0.11158 
0.11828 
0.12490 
0.13234 
0.14000 
0.14707 
0.15488 
0.16307 
0.17100 
0.17939 
0.18827 
0.19672 
0.20595 
0.21544 
0.22486 
0.23492 
0.24515 
0.25538 
0.26647 
0.27740 
0.28895 
0.30089 
0.31294 
0.32566 
0.33857 
0.35190 
0.36586 
0.37995 
0.39485 
0.41003 
0.42580 
0.44187 
0.45881 
0.47600 
0.49390 
0.51243 
0.53130 
0.55118 
0.57119 
0.59232 
0.61363 
0.63591 
0.65859 
0.68200 
0.70601 
0.73052 
0.75573 
0.78130 
0.80756 
0.83407 
0.86116 
0.88843 
0.91612 
0.94392 
0.97194 
0.00000 
0.00000 
0.00000 
0.00000 
0.00000 
0.00000 
0.00000 
0.00000 
0.00000 
0.00000 
0.00000 
0.00000 
0.00000 
0.00000 
0.00000 
0.00000 
0.00000 
0.00000 
0.00000 
0.00000 
0.00000 
0.00000 
0.00001 
0.00002 
0.00008 
0.00024 
0.00066 
0.00167 
0.00376 
0.00754 
0.01345 
0.02122 
0.02984 
0.03738 
0.04357 
0.04804 
0.05356 
0.05962 
0.06580 
0.07141 
0.07682 
0.08294 
0.08953 
0.09543 
0.10148 
0.10827 
0.11507 
0.12149 
0.12863 
0.13591 
0.14297 
0.15054 
0.15860 
0.16618 
0.17434 
0.18294 
0.19138 
0.20029 
0.20963 
0.21869 
0.22855 
0.23851 
0.24865 
0.25944 
0.27027 
0.28147 
0.29326 
0.30500 
0.31758 
0.33026 
0.34348 
0.35723 
0.37122 
0.38591 
0.40096 
0.41643 
0.43268 
0.44936 
0.46655 
0.48444 
0.50290 
0.52191 
0.54176 
0.56196 
0.58319 
0.60471 
0.62727 
0.65020 
0.67402 
0.69836 
0.72341 
0.74907 
0.77527 
0.80210 
0.82932 
0.85710 
0.88515 
0.91362 
0.94225 
0.97110 
0.00000 
0.00000 
0.00000 
0.00000 
0.00000 
0.00000 
0.00000 
0.00000 
0.00000 
0.00000 
0.00000 
0.00000 
0.00000 
0.00000 
0.00000 
0.00000 
0.00000 
0.00000 
0.00000 
0.00000 
0.00000 
0.00000 
0.00001 
0.00002 
0.00008 
0.00024 
0.00066 
0.00167 
0.00375 
0.00754 
0.01340 
0.02118 
0.02949 
0.03713 
0.04242 
0.04718 
0.05182 
0.05794 
0.06420 
0.06937 
0.07446 
0.08067 
0.08691 
0.09255 
0.09840 
0.10517 
0.11163 
0.11780 
0.12465 
0.13196 
0.13874 
0.14602 
0.15373 
0.16126 
0.16915 
0.17763 
0.18571 
0.19438 
0.20342 
0.21239 
0.22194 
0.23179 
0.24157 
0.25216 
0.26268 
0.27370 
0.28522 
0.29685 
0.30913 
0.32170 
0.33459 
0.34821 
0.36191 
0.37650 
0.39131 
0.40677 
0.42292 
0.43936 
0.45655 
0.47441 
0.49276 
0.51192 
0.53168 
0.55211 
0.57338 
0.59517 
0.61793 
0.64117 
0.66538 
0.69010 
0.71568 
0.74183 
0.76870 
0.79614 
0.82414 
0.85265 
0.88157 
0.91087 
0.94041 
0.97017 
0.00000 
0.00000 
0.00000 
0.00000 
0.00000 
0.00000 
0.00000 
0.00000 
0.00000 
0.00000 
0.00000 
0.00000 
0.00000 
0.00000 
0.00000 
0.00000 
0.00000 
0.00000 
0.00000 
0.00000 
0.00000 
0.00000 
0.00001 
0.00002 
0.00008 
0.00024 
0.00066 
0.00167 
0.00375 
0.00751 
0.01338 
0.02097 
0.02933 
0.03629 
0.04179 
0.04553 
0.05038 
0.05630 
0.06220 
0.06733 
0.07228 
0.07795 
0.08418 
0.08974 
0.09533 
0.10166 
0.10809 
0.11407 
0.12074 
0.12768 
0.13427 
0.14127 
0.14896 
0.15616 
0.16378 
0.17192 
0.17988 
0.18825 
0.19719 
0.20580 
0.21512 
0.22464 
0.23423 
0.24453 
0.25493 
0.26560 
0.27698 
0.28824 
0.30033 
0.31260 
0.32532 
0.33870 
0.35226 
0.36661 
0.38130 
0.39654 
0.41255 
0.42872 
0.44605 
0.46369 
0.48205 
0.50123 
0.52096 
0.54158 
0.56286 
0.58494 
0.60786 
0.63145 
0.65601 
0.68116 
0.70727 
0.73397 
0.76152 
0.78964 
0.81846 
0.84779 
0.87763 
0.90786 
0.93840 
0.96915 
0.00000 
0.00000 
0.00000 
0.00000 
0.00000 
0.00000 
0.00000 
0.00000 
0.00000 
0.00000 
0.00000 
0.00000 
0.00000 
0.00000 
0.00000 
0.00000 
0.00000 
0.00000 
0.00000 
0.00000 
0.00000 
0.00000 
0.00001 
0.00002 
0.00008 
0.00024 
0.00066 
0.00166 
0.00374 
0.00750 
0.01326 
0.02087 
0.02876 
0.03585 
0.04037 
0.04434 
0.04863 
0.05440 
0.06042 
0.06520 
0.06963 
0.07541 
0.08148 
0.08669 
0.09191 
0.09830 
0.10450 
0.11015 
0.11645 
0.12339 
0.12973 
0.13650 
0.14382 
0.15084 
0.15815 
0.16623 
0.17385 
0.18197 
0.19056 
0.19897 
0.20797 
0.21739 
0.22662 
0.23672 
0.24675 
0.25719 
0.26825 
0.27932 
0.29112 
0.30323 
0.31562 
0.32884 
0.34206 
0.35626 
0.37065 
0.38577 
0.40154 
0.41766 
0.43491 
0.45229 
0.47070 
0.48982 
0.50953 
0.53029 
0.55159 
0.57394 
0.59700 
0.62098 
0.64584 
0.67149 
0.69810 
0.72542 
0.75367 
0.78255 
0.81223 
0.84245 
0.87330 
0.90454 
0.93617 
0.96802 
0.00000 
0.00000 
0.00000 
0.00000 
0.00000 
0.00000 
0.00000 
0.00000 
0.00000 
0.00000 
0.00000 
0.00000 
0.00000 
0.00000 
0.00000 
0.00000 
0.00000 
0.00000 
0.00000 
0.00000 
0.00000 
0.00000 
0.00001 
0.00002 
0.00008 
0.00024 
0.00066 
0.00166 
0.00373 
0.00744 
0.01321 
0.02052 
0.02847 
0.03473 
0.03944 
0.04259 
0.04691 
0.05271 
0.05833 
0.06282 
0.06726 
0.07265 
0.07852 
0.08355 
0.08866 
0.09467 
0.10067 
0.10606 
0.11231 
0.11892 
0.12497 
0.13140 
0.13868 
0.14540 
0.15248 
0.16020 
0.16758 
0.17538 
0.18387 
0.19192 
0.20071 
0.20975 
0.21871 
0.22849 
0.23834 
0.24843 
0.25933 
0.27001 
0.28160 
0.29334 
0.30550 
0.31841 
0.33143 
0.34536 
0.35957 
0.37444 
0.39004 
0.40596 
0.42302 
0.44018 
0.45870 
0.47763 
0.49738 
0.51818 
0.53952 
0.56211 
0.58530 
0.60967 
0.63482 
0.66100 
0.68810 
0.71610 
0.74505 
0.77477 
0.80537 
0.83659 
0.86851 
0.90088 
0.93371 
0.96678 
0.00000 
0.00000 
0.00000 
0.00000 
0.00000 
0.00000 
0.00000 
0.00000 
0.00000 
0.00000 
0.00000 
0.00000 
0.00000 
0.00000 
0.00000 
0.00000 
0.00000 
0.00000 
0.00000 
0.00000 
0.00000 
0.00000 
0.00001 
0.00002 
0.00008 
0.00024 
0.00066 
0.00166 
0.00371 
0.00741 
0.01301 
0.02035 
0.02768 
0.03405 
0.03783 
0.04110 
0.04517 
0.05068 
0.05628 
0.06056 
0.06446 
0.06986 
0.07563 
0.08035 
0.08502 
0.09103 
0.09683 
0.10195 
0.10780 
0.11430 
0.12007 
0.12637 
0.13330 
0.13973 
0.14647 
0.15409 
0.16114 
0.16873 
0.17685 
0.18461 
0.19306 
0.20193 
0.21053 
0.22013 
0.22956 
0.23940 
0.24993 
0.26034 
0.27160 
0.28311 
0.29493 
0.30764 
0.32027 
0.33401 
0.34786 
0.36253 
0.37784 
0.39359 
0.41043 
0.42749 
0.44594 
0.46461 
0.48445 
0.50519 
0.52661 
0.54936 
0.57269 
0.59742 
0.62285 
0.64958 
0.67718 
0.70590 
0.73559 
0.76622 
0.79778 
0.83011 
0.86320 
0.89683 
0.93097 
0.96540 
0.00000 
0.00000 
0.00000 
0.00000 
0.00000 
0.00000 
0.00000 
0.00000 
0.00000 
0.00000 
0.00000 
0.00000 
0.00000 
0.00000 
0.00000 
0.00000 
0.00000 
0.00000 
0.00000 
0.00000 
0.00000 
0.00000 
0.00001 
0.00002 
0.00008 
0.00023 
0.00066 
0.00164 
0.00369 
0.00731 
0.01291 
0.01983 
0.02721 
0.03270 
0.03661 
0.03931 
0.04327 
0.04885 
0.05409 
0.05791 
0.06186 
0.06704 
0.07250 
0.07690 
0.08155 
0.08728 
0.09278 
0.09755 
0.10338 
0.10960 
0.11506 
0.12098 
0.12779 
0.13390 
0.14048 
0.14774 
0.15448 
0.16172 
0.16967 
0.17707 
0.18534 
0.19380 
0.20210 
0.21133 
0.22050 
0.22998 
0.24028 
0.25029 
0.26132 
0.27240 
0.28395 
0.29628 
0.30864 
0.32204 
0.33563 
0.35002 
0.36508 
0.38057 
0.39718 
0.41405 
0.43228 
0.45075 
0.47068 
0.49127 
0.51278 
0.53561 
0.55910 
0.58414 
0.60987 
0.63713 
0.66524 
0.69472 
0.72517 
0.75680 
0.78939 
0.82293 
0.85729 
0.89233 
0.92792 
0.96386 
0.00000 
0.00000 
0.00000 
0.00000 
0.00000 
0.00000 
0.00000 
0.00000 
0.00000 
0.00000 
0.00000 
0.00000 
0.00000 
0.00000 
0.00000 
0.00000 
0.00000 
0.00000 
0.00000 
0.00000 
0.00000 
0.00000 
0.00001 
0.00002 
0.00008 
0.00023 
0.00065 
0.00164 
0.00364 
0.00725 
0.01260 
0.01953 
0.02619 
0.03177 
0.03488 
0.03759 
0.04149 
0.04673 
0.05176 
0.05548 
0.05899 
0.06404 
0.06936 
0.07354 
0.07777 
0.08338 
0.08865 
0.09324 
0.09871 
0.10469 
0.10982 
0.11566 
0.12214 
0.12793 
0.13415 
0.14122 
0.14761 
0.15468 
0.16224 
0.16932 
0.17722 
0.18541 
0.19335 
0.20237 
0.21111 
0.22032 
0.23020 
0.23988 
0.25053 
0.26131 
0.27248 
0.28453 
0.29649 
0.30962 
0.32281 
0.33690 
0.35161 
0.36683 
0.38315 
0.39979 
0.41779 
0.43614 
0.45600 
0.47635 
0.49797 
0.52079 
0.54444 
0.56973 
0.59576 
0.62353 
0.65217 
0.68243 
0.71368 
0.74637 
0.78007 
0.81494 
0.85070 
0.88729 
0.92450 
0.96214 
0.00000 
0.00000 
0.00000 
0.00000 
0.00000 
0.00000 
0.00000 
0.00000 
0.00000 
0.00000 
0.00000 
0.00000 
0.00000 
0.00000 
0.00000 
0.00000 
0.00000 
0.00000 
0.00000 
0.00000 
0.00000 
0.00000 
0.00001 
0.00002 
0.00008 
0.00023 
0.00065 
0.00162 
0.00361 
0.00708 
0.01242 
0.01883 
0.02553 
0.03024 
0.03341 
0.03578 
0.03946 
0.04471 
0.04945 
0.05265 
0.05618 
0.06110 
0.06608 
0.06985 
0.07407 
0.07946 
0.08440 
0.08860 
0.09400 
0.09971 
0.10458 
0.11004 
0.11629 
0.12174 
0.12782 
0.13453 
0.14061 
0.14729 
0.15459 
0.16130 
0.16900 
0.17678 
0.18441 
0.19301 
0.20141 
0.21024 
0.21982 
0.22909 
0.23945 
0.24976 
0.26063 
0.27222 
0.28384 
0.29656 
0.30939 
0.32314 
0.33749 
0.35239 
0.36839 
0.38475 
0.40247 
0.42061 
0.44022 
0.46039 
0.48210 
0.50481 
0.52863 
0.55407 
0.58042 
0.60865 
0.63783 
0.66887 
0.70098 
0.73478 
0.76969 
0.80601 
0.84331 
0.88164 
0.92064 
0.96020 
0.00000 
0.00000 
0.00000 
0.00000 
0.00000 
0.00000 
0.00000 
0.00000 
0.00000 
0.00000 
0.00000 
0.00000 
0.00000 
0.00000 
0.00000 
0.00000 
0.00000 
0.00000 
0.00000 
0.00000 
0.00000 
0.00000 
0.00001 
0.00002 
0.00007 
0.00023 
0.00064 
0.00160 
0.00353 
0.00698 
0.01199 
0.01839 
0.02431 
0.02906 
0.03160 
0.03389 
0.03760 
0.04249 
0.04688 
0.05004 
0.05325 
0.05794 
0.06268 
0.06631 
0.07019 
0.07534 
0.07999 
0.08407 
0.08915 
0.09454 
0.09905 
0.10441 
0.11033 
0.11549 
0.12119 
0.12763 
0.13334 
0.13985 
0.14674 
0.15315 
0.16044 
0.16788 
0.17511 
0.18345 
0.19141 
0.19995 
0.20905 
0.21797 
0.22787 
0.23781 
0.24825 
0.25947 
0.27065 
0.28301 
0.29539 
0.30876 
0.32268 
0.33721 
0.35281 
0.36882 
0.38621 
0.40407 
0.42342 
0.44344 
0.46507 
0.48757 
0.51155 
0.53706 
0.56372 
0.59234 
0.62208 
0.65388 
0.68689 
0.72186 
0.75807 
0.79597 
0.83498 
0.87524 
0.91628 
0.95800 
0.00000 
0.00000 
0.00000 
0.00000 
0.00000 
0.00000 
0.00000 
0.00000 
0.00000 
0.00000 
0.00000 
0.00000 
0.00000 
0.00000 
0.00000 
0.00000 
0.00000 
0.00000 
0.00000 
0.00000 
0.00000 
0.00000 
0.00001 
0.00002 
0.00007 
0.00023 
0.00063 
0.00156 
0.00348 
0.00674 
0.01171 
0.01752 
0.02343 
0.02740 
0.02993 
0.03204 
0.03548 
0.04026 
0.04443 
0.04711 
0.05026 
0.05483 
0.05925 
0.06246 
0.06628 
0.07122 
0.07556 
0.07925 
0.08418 
0.08928 
0.09357 
0.09858 
0.10419 
0.10898 
0.11452 
0.12059 
0.12599 
0.13211 
0.13867 
0.14468 
0.15173 
0.15873 
0.16567 
0.17355 
0.18113 
0.18923 
0.19796 
0.20643 
0.21599 
0.22543 
0.23550 
0.24620 
0.25697 
0.26884 
0.28077 
0.29370 
0.30716 
0.32127 
0.33643 
0.35205 
0.36904 
0.38655 
0.40556 
0.42534 
0.44670 
0.46903 
0.49310 
0.51858 
0.54551 
0.57444 
0.60474 
0.63727 
0.67122 
0.70740 
0.74502 
0.78463 
0.82554 
0.86797 
0.91132 
0.95549 
0.00000 
0.00000 
0.00000 
0.00000 
0.00000 
0.00000 
0.00000 
0.00000 
0.00000 
0.00000 
0.00000 
0.00000 
0.00000 
0.00000 
0.00000 
0.00000 
0.00000 
0.00000 
0.00000 
0.00000 
0.00000 
0.00000 
0.00001 
0.00002 
0.00007 
0.00023 
0.00062 
0.00154 
0.00335 
0.00658 
0.01115 
0.01691 
0.02205 
0.02601 
0.02808 
0.03004 
0.03350 
0.03796 
0.04168 
0.04432 
0.04726 
0.05153 
0.05563 
0.05874 
0.06227 
0.06692 
0.07091 
0.07450 
0.07914 
0.08390 
0.08781 
0.09266 
0.09792 
0.10246 
0.10763 
0.11335 
0.11837 
0.12427 
0.13041 
0.13612 
0.14274 
0.14936 
0.15587 
0.16341 
0.17053 
0.17830 
0.18653 
0.19460 
0.20365 
0.21265 
0.22223 
0.23247 
0.24275 
0.25414 
0.26557 
0.27802 
0.29094 
0.30457 
0.31921 
0.33436 
0.35087 
0.36795 
0.38655 
0.40598 
0.42702 
0.44917 
0.47316 
0.49847 
0.52564 
0.55478 
0.58560 
0.61881 
0.65373 
0.69115 
0.73030 
0.77175 
0.81479 
0.85963 
0.90561 
0.95260 
0.00000 
0.00000 
0.00000 
0.00000 
0.00000 
0.00000 
0.00000 
0.00000 
0.00000 
0.00000 
0.00000 
0.00000 
0.00000 
0.00000 
0.00000 
0.00000 
0.00000 
0.00000 
0.00000 
0.00000 
0.00000 
0.00000 
0.00001 
0.00002 
0.00007 
0.00022 
0.00061 
0.00148 
0.00327 
0.00626 
0.01077 
0.01589 
0.02098 
0.02425 
0.02625 
0.02815 
0.03131 
0.03553 
0.03908 
0.04132 
0.04413 
0.04824 
0.05206 
0.05477 
0.05818 
0.06258 
0.06630 
0.06953 
0.07395 
0.07837 
0.08209 
0.08661 
0.09152 
0.09567 
0.10063 
0.10597 
0.11071 
0.11620 
0.12196 
0.12726 
0.13357 
0.13973 
0.14594 
0.15298 
0.15969 
0.16699 
0.17477 
0.18236 
0.19099 
0.19944 
0.20859 
0.21825 
0.22804 
0.23887 
0.24975 
0.26164 
0.27400 
0.28709 
0.30115 
0.31577 
0.33172 
0.34829 
0.36638 
0.38536 
0.40597 
0.42782 
0.45149 
0.47664 
0.50394 
0.53317 
0.56445 
0.59826 
0.63415 
0.67280 
0.71358 
0.75703 
0.80244 
0.85001 
0.89901 
0.94924 
0.00000 
0.00000 
0.00000 
0.00000 
0.00000 
0.00000 
0.00000 
0.00000 
0.00000 
0.00000 
0.00000 
0.00000 
0.00000 
0.00000 
0.00000 
0.00000 
0.00000 
0.00000 
0.00000 
0.00000 
0.00000 
0.00000 
0.00001 
0.00002 
0.00007 
0.00021 
0.00058 
0.00144 
0.00310 
0.00603 
0.01009 
0.01512 
0.01947 
0.02268 
0.02436 
0.02607 
0.02919 
0.03312 
0.03620 
0.03838 
0.04102 
0.04481 
0.04827 
0.05088 
0.05405 
0.05812 
0.06146 
0.06458 
0.06871 
0.07279 
0.07614 
0.08043 
0.08498 
0.08889 
0.09347 
0.09844 
0.10277 
0.10799 
0.11332 
0.11832 
0.12417 
0.12992 
0.13567 
0.14231 
0.14854 
0.15545 
0.16269 
0.16985 
0.17791 
0.18587 
0.19445 
0.20356 
0.21280 
0.22305 
0.23334 
0.24464 
0.25636 
0.26884 
0.28225 
0.29624 
0.31154 
0.32749 
0.34497 
0.36337 
0.38345 
0.40484 
0.42810 
0.45302 
0.48023 
0.50937 
0.54103 
0.57532 
0.61213 
0.65201 
0.69450 
0.74009 
0.78814 
0.83879 
0.89128 
0.94530 
0.00000 
0.00000 
0.00000 
0.00000 
0.00000 
0.00000 
0.00000 
0.00000 
0.00000 
0.00000 
0.00000 
0.00000 
0.00000 
0.00000 
0.00000 
0.00000 
0.00000 
0.00000 
0.00000 
0.00000 
0.00000 
0.00000 
0.00001 
0.00002 
0.00007 
0.00020 
0.00056 
0.00136 
0.00297 
0.00562 
0.00958 
0.01397 
0.01821 
0.02087 
0.02243 
0.02411 
0.02693 
0.03053 
0.03346 
0.03532 
0.03778 
0.04135 
0.04455 
0.04682 
0.04979 
0.05357 
0.05669 
0.05948 
0.06332 
0.06703 
0.07021 
0.07416 
0.07835 
0.08187 
0.08619 
0.09074 
0.09481 
0.09960 
0.10453 
0.10909 
0.11458 
0.11986 
0.12527 
0.13139 
0.13718 
0.14357 
0.15031 
0.15694 
0.16450 
0.17189 
0.17995 
0.18844 
0.19710 
0.20669 
0.21634 
0.22697 
0.23800 
0.24980 
0.26248 
0.27578 
0.29033 
0.30558 
0.32232 
0.34003 
0.35943 
0.38019 
0.40289 
0.42739 
0.45422 
0.48319 
0.51507 
0.54966 
0.58731 
0.62835 
0.67260 
0.72046 
0.77143 
0.82559 
0.88214 
0.94061 
0.00000 
0.00000 
0.00000 
0.00000 
0.00000 
0.00000 
0.00000 
0.00000 
0.00000 
0.00000 
0.00000 
0.00000 
0.00000 
0.00000 
0.00000 
0.00000 
0.00000 
0.00000 
0.00000 
0.00000 
0.00000 
0.00000 
0.00001 
0.00002 
0.00006 
0.00020 
0.00053 
0.00130 
0.00276 
0.00532 
0.00880 
0.01304 
0.01661 
0.01916 
0.02051 
0.02197 
0.02468 
0.02801 
0.03049 
0.03226 
0.03457 
0.03781 
0.04063 
0.04278 
0.04553 
0.04897 
0.05171 
0.05434 
0.05788 
0.06128 
0.06409 
0.06776 
0.07156 
0.07484 
0.07878 
0.08295 
0.08660 
0.09106 
0.09554 
0.09979 
0.10480 
0.10965 
0.11458 
0.12023 
0.12552 
0.13147 
0.13764 
0.14380 
0.15074 
0.15757 
0.16501 
0.17286 
0.18089 
0.18980 
0.19878 
0.20869 
0.21898 
0.23002 
0.24189 
0.25439 
0.26810 
0.28251 
0.29839 
0.31526 
0.33382 
0.35379 
0.37573 
0.39957 
0.42583 
0.45449 
0.48626 
0.52091 
0.55922 
0.60129 
0.64728 
0.69753 
0.75172 
0.80987 
0.87117 
0.93496 
0.00000 
0.00000 
0.00000 
0.00000 
0.00000 
0.00000 
0.00000 
0.00000 
0.00000 
0.00000 
0.00000 
0.00000 
0.00000 
0.00000 
0.00000 
0.00000 
0.00000 
0.00000 
0.00000 
0.00000 
0.00000 
0.00000 
0.00000 
0.00002 
0.00006 
0.00018 
0.00050 
0.00119 
0.00259 
0.00484 
0.00818 
0.01179 
0.01520 
0.01729 
0.01850 
0.01993 
0.02234 
0.02530 
0.02764 
0.02915 
0.03123 
0.03419 
0.03679 
0.03864 
0.04114 
0.04426 
0.04678 
0.04912 
0.05233 
0.05535 
0.05797 
0.06129 
0.06472 
0.06763 
0.07125 
0.07499 
0.07836 
0.08238 
0.08645 
0.09026 
0.09485 
0.09921 
0.10375 
0.10886 
0.11370 
0.11908 
0.12471 
0.13030 
0.13666 
0.14287 
0.14972 
0.15688 
0.16426 
0.17242 
0.18067 
0.18979 
0.19927 
0.20948 
0.22047 
0.23209 
0.24484 
0.25831 
0.27320 
0.28907 
0.30661 
0.32559 
0.34655 
0.36948 
0.39490 
0.42294 
0.45419 
0.48868 
0.52739 
0.57023 
0.61785 
0.67050 
0.72819 
0.79087 
0.85779 
0.92803 
0.00000 
0.00000 
0.00000 
0.00000 
0.00000 
0.00000 
0.00000 
0.00000 
0.00000 
0.00000 
0.00000 
0.00000 
0.00000 
0.00000 
0.00000 
0.00000 
0.00000 
0.00000 
0.00000 
0.00000 
0.00000 
0.00000 
0.00000 
0.00002 
0.00006 
0.00017 
0.00045 
0.00111 
0.00233 
0.00447 
0.00730 
0.01072 
0.01354 
0.01548 
0.01654 
0.01775 
0.01998 
0.02267 
0.02461 
0.02600 
0.02792 
0.03056 
0.03277 
0.03448 
0.03675 
0.03953 
0.04169 
0.04383 
0.04672 
0.04943 
0.05171 
0.05470 
0.05774 
0.06039 
0.06362 
0.06697 
0.06993 
0.07357 
0.07718 
0.08064 
0.08473 
0.08865 
0.09269 
0.09729 
0.10160 
0.10649 
0.11151 
0.11658 
0.12228 
0.12789 
0.13405 
0.14051 
0.14718 
0.15456 
0.16204 
0.17033 
0.17894 
0.18825 
0.19827 
0.20891 
0.22060 
0.23300 
0.24674 
0.26146 
0.27779 
0.29554 
0.31527 
0.33701 
0.36127 
0.38828 
0.41865 
0.45264 
0.49123 
0.53443 
0.58341 
0.63837 
0.69976 
0.76756 
0.84116 
0.91933 
0.00000 
0.00000 
0.00000 
0.00000 
0.00000 
0.00000 
0.00000 
0.00000 
0.00000 
0.00000 
0.00000 
0.00000 
0.00000 
0.00000 
0.00000 
0.00000 
0.00000 
0.00000 
0.00000 
0.00000 
0.00000 
0.00000 
0.00000 
0.00002 
0.00005 
0.00015 
0.00042 
0.00098 
0.00212 
0.00393 
0.00657 
0.00939 
0.01201 
0.01358 
0.01448 
0.01564 
0.01758 
0.01988 
0.02165 
0.02283 
0.02450 
0.02682 
0.02881 
0.03026 
0.03226 
0.03469 
0.03663 
0.03849 
0.04103 
0.04336 
0.04542 
0.04806 
0.05073 
0.05301 
0.05588 
0.05880 
0.06146 
0.06465 
0.06783 
0.07084 
0.07447 
0.07789 
0.08150 
0.08554 
0.08937 
0.09366 
0.09811 
0.10257 
0.10763 
0.11258 
0.11806 
0.12379 
0.12973 
0.13628 
0.14294 
0.15033 
0.15801 
0.16634 
0.17532 
0.18488 
0.19541 
0.20661 
0.21906 
0.23246 
0.24738 
0.26368 
0.28190 
0.30210 
0.32483 
0.35036 
0.37936 
0.41226 
0.45004 
0.49309 
0.54293 
0.59983 
0.66493 
0.73842 
0.81999 
0.90811 
0.00000 
0.00000 
0.00000 
0.00000 
0.00000 
0.00000 
0.00000 
0.00000 
0.00000 
0.00000 
0.00000 
0.00000 
0.00000 
0.00000 
0.00000 
0.00000 
0.00000 
0.00000 
0.00000 
0.00000 
0.00000 
0.00000 
0.00000 
0.00001 
0.00005 
0.00014 
0.00036 
0.00088 
0.00183 
0.00348 
0.00564 
0.00821 
0.01029 
0.01169 
0.01248 
0.01342 
0.01513 
0.01715 
0.01857 
0.01961 
0.02109 
0.02310 
0.02473 
0.02601 
0.02776 
0.02986 
0.03146 
0.03309 
0.03528 
0.03731 
0.03904 
0.04132 
0.04360 
0.04560 
0.04807 
0.05059 
0.05284 
0.05561 
0.05832 
0.06097 
0.06408 
0.06705 
0.07014 
0.07364 
0.07691 
0.08065 
0.08448 
0.08837 
0.09273 
0.09703 
0.10177 
0.10674 
0.11189 
0.11759 
0.12339 
0.12983 
0.13654 
0.14383 
0.15169 
0.16008 
0.16934 
0.17922 
0.19023 
0.20213 
0.21542 
0.23003 
0.24643 
0.26475 
0.28551 
0.30905 
0.33607 
0.36714 
0.40332 
0.44540 
0.49511 
0.55318 
0.62168 
0.70123 
0.79226 
0.89313 
0.00000 
0.00000 
0.00000 
0.00000 
0.00000 
0.00000 
0.00000 
0.00000 
0.00000 
0.00000 
0.00000 
0.00000 
0.00000 
0.00000 
0.00000 
0.00000 
0.00000 
0.00000 
0.00000 
0.00000 
0.00000 
0.00000 
0.00000 
0.00001 
0.00004 
0.00012 
0.00031 
0.00073 
0.00158 
0.00289 
0.00481 
0.00683 
0.00867 
0.00976 
0.01040 
0.01125 
0.01267 
0.01430 
0.01555 
0.01639 
0.01762 
0.01928 
0.02069 
0.02173 
0.02319 
0.02492 
0.02630 
0.02765 
0.02949 
0.03114 
0.03262 
0.03454 
0.03645 
0.03809 
0.04017 
0.04226 
0.04417 
0.04649 
0.04877 
0.05095 
0.05358 
0.05604 
0.05866 
0.06158 
0.06435 
0.06747 
0.07069 
0.07394 
0.07762 
0.08122 
0.08523 
0.08940 
0.09376 
0.09856 
0.10346 
0.10890 
0.11457 
0.12076 
0.12742 
0.13457 
0.14246 
0.15091 
0.16034 
0.17056 
0.18203 
0.19469 
0.20898 
0.22504 
0.24336 
0.26434 
0.28866 
0.31701 
0.35055 
0.39039 
0.43848 
0.49641 
0.56723 
0.65264 
0.75465 
0.87217 
0.00000 
0.00000 
0.00000 
0.00000 
0.00000 
0.00000 
0.00000 
0.00000 
0.00000 
0.00000 
0.00000 
0.00000 
0.00000 
0.00000 
0.00000 
0.00000 
0.00000 
0.00000 
0.00000 
0.00000 
0.00000 
0.00000 
0.00000 
0.00001 
0.00003 
0.00010 
0.00025 
0.00061 
0.00126 
0.00238 
0.00383 
0.00555 
0.00693 
0.00784 
0.00836 
0.00900 
0.01016 
0.01151 
0.01244 
0.01313 
0.01414 
0.01548 
0.01656 
0.01742 
0.01860 
0.02000 
0.02106 
0.02217 
0.02364 
0.02499 
0.02615 
0.02769 
0.02920 
0.03055 
0.03222 
0.03390 
0.03541 
0.03728 
0.03910 
0.04088 
0.04298 
0.04497 
0.04706 
0.04941 
0.05162 
0.05415 
0.05673 
0.05937 
0.06232 
0.06523 
0.06846 
0.07182 
0.07534 
0.07922 
0.08318 
0.08759 
0.09219 
0.09721 
0.10263 
0.10844 
0.11487 
0.12178 
0.12950 
0.13790 
0.14735 
0.15782 
0.16969 
0.18311 
0.19852 
0.21632 
0.23716 
0.26178 
0.29136 
0.32727 
0.37172 
0.42721 
0.49789 
0.58758 
0.70145 
0.84093 
0.00000 
0.00000 
0.00000 
0.00000 
0.00000 
0.00000 
0.00000 
0.00000 
0.00000 
0.00000 
0.00000 
0.00000 
0.00000 
0.00000 
0.00000 
0.00000 
0.00000 
0.00000 
0.00000 
0.00000 
0.00000 
0.00000 
0.00000 
0.00001 
0.00002 
0.00007 
0.00020 
0.00045 
0.00097 
0.00177 
0.00293 
0.00414 
0.00524 
0.00588 
0.00626 
0.00678 
0.00765 
0.00862 
0.00936 
0.00987 
0.01062 
0.01162 
0.01246 
0.01309 
0.01397 
0.01501 
0.01583 
0.01666 
0.01776 
0.01875 
0.01965 
0.02081 
0.02195 
0.02295 
0.02421 
0.02546 
0.02662 
0.02802 
0.02939 
0.03071 
0.03230 
0.03379 
0.03538 
0.03714 
0.03882 
0.04072 
0.04266 
0.04464 
0.04687 
0.04906 
0.05151 
0.05405 
0.05671 
0.05964 
0.06264 
0.06597 
0.06946 
0.07326 
0.07737 
0.08180 
0.08669 
0.09196 
0.09786 
0.10429 
0.11155 
0.11962 
0.12880 
0.13923 
0.15128 
0.16529 
0.18184 
0.20164 
0.22579 
0.25572 
0.29377 
0.34312 
0.40908 
0.49864 
0.62252 
0.79017 
0.00000 
0.00000 
0.00000 
0.00000 
0.00000 
0.00000 
0.00000 
0.00000 
0.00000 
0.00000 
0.00000 
0.00000 
0.00000 
0.00000 
0.00000 
0.00000 
0.00000 
0.00000 
0.00000 
0.00000 
0.00000 
0.00000 
0.00000 
0.00001 
0.00002 
0.00005 
0.00013 
0.00031 
0.00064 
0.00121 
0.00194 
0.00280 
0.00348 
0.00393 
0.00419 
0.00452 
0.00510 
0.00577 
0.00624 
0.00658 
0.00709 
0.00777 
0.00830 
0.00873 
0.00933 
0.01003 
0.01056 
0.01111 
0.01186 
0.01253 
0.01311 
0.01389 
0.01464 
0.01532 
0.01616 
0.01700 
0.01776 
0.01870 
0.01961 
0.02051 
0.02157 
0.02257 
0.02362 
0.02480 
0.02592 
0.02719 
0.02849 
0.02982 
0.03131 
0.03278 
0.03442 
0.03612 
0.03790 
0.03986 
0.04187 
0.04412 
0.04646 
0.04902 
0.05178 
0.05476 
0.05806 
0.06161 
0.06560 
0.06996 
0.07488 
0.08036 
0.08662 
0.09376 
0.10204 
0.11173 
0.12326 
0.13719 
0.15439 
0.17611 
0.20443 
0.24256 
0.29639 
0.37581 
0.49954 
0.69732 
0.00000 
0.00000 
0.00000 
0.00000 
0.00000 
0.00000 
0.00000 
0.00000 
0.00000 
0.00000 
0.00000 
0.00000 
0.00000 
0.00000 
0.00000 
0.00000 
0.00000 
0.00000 
0.00000 
0.00000 
0.00000 
0.00000 
0.00000 
0.00000 
0.00001 
0.00002 
0.00007 
0.00015 
0.00033 
0.00060 
0.00099 
0.00139 
0.00175 
0.00197 
0.00209 
0.00226 
0.00256 
0.00288 
0.00313 
0.00330 
0.00355 
0.00388 
0.00416 
0.00437 
0.00467 
0.00501 
0.00529 
0.00556 
0.00593 
0.00626 
0.00656 
0.00695 
0.00733 
0.00766 
0.00809 
0.00850 
0.00889 
0.00936 
0.00982 
0.01026 
0.01079 
0.01129 
0.01182 
0.01241 
0.01298 
0.01361 
0.01426 
0.01493 
0.01568 
0.01641 
0.01723 
0.01808 
0.01898 
0.01997 
0.02097 
0.02210 
0.02327 
0.02456 
0.02595 
0.02745 
0.02911 
0.03090 
0.03291 
0.03511 
0.03759 
0.04037 
0.04355 
0.04717 
0.05139 
0.05635 
0.06227 
0.06948 
0.07845 
0.08994 
0.10520 
0.12642 
0.15796 
0.20895 
0.30212 
0.49978 
